Attack:1{
(Hsphere{3.4},0.387085[5.466257,15.38754,-1.311187]);
(Hsphere{3.4},0.3919983[5.443635,15.45152,-0.6036593]);
(Hsphere{3.4},0.3977661[5.423354,15.46748,-0.001434684]);
(Hsphere{3.4},0.401886[5.39517,15.42492,0.9159763]);
(Hsphere{3.4},0.4068909[5.350236,15.31639,1.780549]);
(Hsphere{3.4},0.4115906[5.24475,15.00665,3.218311]);
(Hsphere{3.4},0.416626[5.047736,14.52578,4.545996]);
(Hsphere{3.4},0.4216003[4.66853,13.79936,6.032082]);
(Hsphere{3.4},0.4265747[4.018465,12.7842,7.556739]);
(Hsphere{3.4},0.4311829[3.074509,11.4317,8.942245]);
(Hsphere{3.4},0.4362793[2.079542,10.0382,10.06963]);
(Hsphere{3.4},0.440979[0.99332,8.523616,10.60064]);
(Hsphere{3.4},0.4460754[-0.04054217,7.166225,10.72896]);
(Hsphere{3.4},0.4507751[-1.07433,5.822594,10.52196]);
(Hsphere{3.4},0.4559631[-1.818079,4.779084,10.31325]);
(Hsphere{3.4},0.4605713[-2.394323,3.861243,9.828936]);
(Hsphere{3.4},0.4659729[-2.776312,3.207319,9.393723]);
(Hsphere{3.4},0.4703979[-3.14431,2.635614,8.925982]);
(Hsphere{3.4},0.4752808[-3.400928,2.333575,8.772074]);
(Hsphere{3.4},0.4801941[-3.619534,2.110703,8.533717]);
(Hsphere{3.4},0.4851074[-3.81421,1.975174,8.368411]);
(Hsphere{3.4},0.4906006[-4.022101,1.915995,8.233158]);
(Hsphere{3.4},0.494873[-4.251678,1.9274,8.256622]);
(Hsphere{3.4},0.4997864[-4.434257,1.970191,8.200023]);
(Hsphere{3.4},0.5049744[-4.658075,2.039347,8.123379]);
(Hsphere{3.4},0.509613[-4.914688,2.137248,8.013925]);
(Hsphere{3.4},0.5150146[-5.154798,2.249744,7.999993]);
(Hsphere{3.4},0.5193787[-5.443404,2.407483,7.85063]);
(Hsphere{3.4},0.5249634[-5.680569,2.553739,7.712358]);
(Hsphere{3.4},0.5291748[-5.982324,2.760549,7.511173]);
(Hsphere{3.4},0.5340881[-6.206216,2.929251,7.426026]);
(Hsphere{3.4},0.9408264[-3.268728,11.48032,12.07054]);
(Hsphere{3.4},0.9459534[-2.311954,9.628467,12.95953]);
(Hsphere{3.4},0.950592[-0.8613107,7.288168,13.43645]);
(Hsphere{3.4},0.9554749[0.5178747,5.359361,14.18423]);
(Hsphere{3.4},0.9603882[1.720701,3.867858,13.58587]);
(Hsphere{3.4},0.9653015[2.481908,2.967732,12.94633]);
(Hsphere{3.4},0.9701843[2.967684,2.36884,12.39029]);
(Hsphere{3.4},0.9750977[3.30775,1.967866,12.54156]);
(Hsphere{3.4},0.9800415[3.586228,1.742146,12.1788]);
(Hsphere{3.4},0.9849548[3.759286,1.684532,11.9714]);
(Hsphere{3.4},0.9897766[3.883211,1.709159,11.86628]);
(Hsphere{3.4},0.9949646[4.018034,1.745648,11.95589]);
(Hsphere{3.4},0.9995728[4.17509,1.801973,11.85099]);
(Hsphere{3.4},1.004974[4.313935,1.882082,11.77823]);
(Hsphere{3.4},1.009399[4.478002,2.008626,11.70423]);
(Hsphere{3.4},1.014984[4.612434,2.141124,11.75431]);
(Hsphere{3.4},1.019196[4.781898,2.343729,11.6705]);
(Hsphere{3.4},1.024078[4.902966,2.512006,11.59555]);
(Hsphere{3.4},1.028992[5.031662,2.720081,11.48457]);
(Hsphere{3.4},1.033997[5.146628,2.945015,11.42453]);
(Hsphere{3.4},1.038788[5.246423,3.183465,11.25551]);
(Hsphere{3.4},1.043854[5.319392,3.412059,11.06791]);
(Hsphere{3.4},1.048584[5.363794,3.650841,10.83796]);
(Hsphere{3.4},1.053619[5.375651,3.862755,10.66186]);
(Hsphere{3.4},1.05838[5.356399,4.074647,10.39959]);
}
