Attack:6{
(Hsphere{15.4},0.387085[32.79754,91.83596,-6.665049]);
(Hsphere{15.4},0.3919678[32.66181,92.21982,-3.403891]);
(Hsphere{15.4},0.3969727[32.54012,92.31559,0.2094564]);
(Hsphere{15.4},0.4018555[32.40355,92.12781,5.952944]);
(Hsphere{15.4},0.4068604[32.10253,91.41228,12.01585]);
(Hsphere{15.4},0.4118652[31.47227,89.561,19.61852]);
(Hsphere{15.4},0.4165039[30.1878,86.451,28.12412]);
(Hsphere{15.4},0.4213867[28.08693,82.43667,37.45933]);
(Hsphere{15.4},0.4262695[24.30772,76.50725,46.4686]);
(Hsphere{15.4},0.4311523[18.81541,68.61931,54.72366]);
(Hsphere{15.4},0.4360962[12.47713,59.73979,60.56205]);
(Hsphere{15.4},0.440979[6.231075,51.0181,64.88427]);
(Hsphere{15.4},0.4462891[-0.2432526,42.50808,65.7353]);
(Hsphere{15.4},0.4507446[-6.6731,34.14386,64.40796]);
(Hsphere{15.4},0.4559326[-10.90847,28.18523,62.2075]);
(Hsphere{15.4},0.4605713[-14.35944,22.68918,60.48546]);
(Hsphere{15.4},0.4662476[-16.65791,18.75458,57.86749]);
(Hsphere{15.4},0.4703979[-18.98359,15.1704,54.91605]);
(Hsphere{15.4},0.4759521[-20.40562,13.51214,53.20705]);
(Hsphere{15.4},0.4802856[-21.88036,12.03477,52.64986]);
(Hsphere{15.4},0.4850464[-22.90886,11.35012,51.7972]);
(Hsphere{15.4},0.4902344[-24.13029,11.00689,51.00418]);
(Hsphere{15.4},0.494873[-25.42552,11.06132,50.4369]);
(Hsphere{15.4},0.4997559[-26.60554,11.33187,50.86566]);
(Hsphere{15.4},0.5053101[-27.94849,11.74681,50.40578]);
(Hsphere{15.4},0.5095825[-29.58882,12.37774,49.70419]);
(Hsphere{15.4},0.5144653[-30.92338,13.00645,49.08228]);
(Hsphere{15.4},0.5193481[-32.49198,13.85754,49.00708]);
(Hsphere{15.4},0.524292[-34.08342,14.83316,48.08521]);
(Hsphere{15.4},0.5291748[-35.67332,15.91536,47.03556]);
(Hsphere{15.4},0.5342407[-37.2373,17.08623,45.8477]);
(Hsphere{15.4},0.9407959[-19.53447,68.22628,78.18954]);
(Hsphere{15.4},0.946228[-14.16251,57.79536,83.23478]);
(Hsphere{15.4},0.9505615[-4.962351,42.93357,86.29638]);
(Hsphere{15.4},0.9559326[2.859599,31.99173,85.19]);
(Hsphere{15.4},0.9603882[10.70382,22.27121,86.96684]);
(Hsphere{15.4},0.965271[14.78395,17.44675,83.49704]);
(Hsphere{15.4},0.9701538[17.73363,13.8142,80.1452]);
(Hsphere{15.4},0.9752197[19.79126,11.37553,77.41672]);
(Hsphere{15.4},0.9802246[21.51065,9.967476,77.8884]);
(Hsphere{15.4},0.9848633[22.55835,9.617856,76.63254]);
(Hsphere{15.4},0.9902344[23.26565,9.754346,76.02835]);
(Hsphere{15.4},0.9952393[24.16146,9.997561,75.38663]);
(Hsphere{15.4},1.000244[25.07107,10.33244,75.80009]);
(Hsphere{15.4},1.004456[25.97435,10.86501,75.33237]);
(Hsphere{15.4},1.010254[26.75064,11.46215,74.98289]);
(Hsphere{15.4},1.015259[27.80465,12.50041,74.49173]);
(Hsphere{15.4},1.019165[28.711,13.59876,74.03882]);
(Hsphere{15.4},1.024902[29.39342,14.54683,74.53165]);
(Hsphere{15.4},1.028992[30.2879,16.00921,73.7438]);
(Hsphere{15.4},1.033875[30.85925,17.13695,73.04131]);
(Hsphere{15.4},1.038757[31.45064,18.53656,72.05525]);
(Hsphere{15.4},1.043701[31.90528,19.9418,71.43858]);
(Hsphere{15.4},1.048584[32.17199,21.32948,70.11142]);
(Hsphere{15.4},1.053711[32.25432,22.64926,68.66573]);
(Hsphere{15.4},1.05835[32.14129,23.94193,67.06949]);
}
