Attack:10{
(Hsphere{25},0.387085[54.63518,153.104,-10.41479]);
(Hsphere{25},0.3919678[54.43635,153.6345,-5.572832]);
(Hsphere{25},0.3968506[54.23354,153.7941,0.4494143]);
(Hsphere{25},0.4024658[54.01025,153.4899,9.908055]);
(Hsphere{25},0.4066162[53.40531,151.9981,21.68215]);
(Hsphere{25},0.4116211[52.50765,149.3527,32.31245]);
(Hsphere{25},0.4165039[50.47736,144.3771,46.14403]);
(Hsphere{25},0.4213867[46.81155,137.3292,62.57093]);
(Hsphere{25},0.4262695[40.51287,127.4468,77.58637]);
(Hsphere{25},0.4312744[31.36943,114.315,91.33252]);
(Hsphere{25},0.4360352[20.47978,99.05814,101.2917]);
(Hsphere{25},0.440918[10.38512,84.96494,108.2983]);
(Hsphere{25},0.4465332[-0.405421,70.78156,109.7167]);
(Hsphere{25},0.4508057[-11.70523,56.06091,107.2754]);
(Hsphere{25},0.4558105[-18.18065,46.91032,103.8371]);
(Hsphere{25},0.4608154[-23.82546,37.93017,101.0836]);
(Hsphere{25},0.4654541[-27.95625,30.86526,96.37073]);
(Hsphere{25},0.4703369[-31.12498,25.90522,92.3306]);
(Hsphere{25},0.4758301[-34.00937,22.455,88.84439]);
(Hsphere{25},0.480835[-36.42498,20.02821,87.97787]);
(Hsphere{25},0.4855957[-38.4146,18.74313,86.34972]);
(Hsphere{25},0.4899902[-40.43835,18.26356,85.07583]);
(Hsphere{25},0.494873[-42.2646,18.35342,84.28859]);
(Hsphere{25},0.4998779[-44.34257,18.82122,84.99161]);
(Hsphere{25},0.5046387[-46.61299,19.52295,84.21219]);
(Hsphere{25},0.5095215[-49.00236,20.43008,83.19472]);
(Hsphere{25},0.5145264[-51.54402,21.61474,82.01688]);
(Hsphere{25},0.5197754[-54.21488,23.06633,81.88656]);
(Hsphere{25},0.524292[-57.06131,24.82295,80.22498]);
(Hsphere{25},0.5291748[-59.45549,26.46034,78.63428]);
(Hsphere{25},0.5340576[-62.06216,28.41182,76.65448]);
(Hsphere{25},0.9407959[-33.698,116.1075,129.1089]);
(Hsphere{25},0.9456787[-22.97306,95.14641,139.4582]);
(Hsphere{25},0.9505615[-9.293633,73.02,144.0833]);
(Hsphere{25},0.9558105[5.337727,52.50494,142.1205]);
(Hsphere{25},0.9603271[17.968,36.90308,145.5066]);
(Hsphere{25},0.9655762[24.8878,28.71367,139.566]);
(Hsphere{25},0.9702148[29.97076,22.44152,133.6965]);
(Hsphere{25},0.9750977[33.11312,18.76115,129.5139]);
(Hsphere{25},0.9799805[35.88708,16.52667,130.4303]);
(Hsphere{25},0.9855957[37.59092,15.96469,128.3907]);
(Hsphere{25},0.9897461[39.00645,16.27007,127.216]);
(Hsphere{25},0.9946289[40.19761,16.57991,126.3618]);
(Hsphere{25},0.9996338[41.6829,17.10685,127.0415]);
(Hsphere{25},1.004639[43.16696,17.95869,126.261]);
(Hsphere{25},1.009399[44.68918,19.12744,125.574]);
(Hsphere{25},1.014648[46.14153,20.54919,124.8946]);
(Hsphere{25},1.019165[47.72919,22.43991,125.4352]);
(Hsphere{25},1.024658[49.04533,24.26258,124.6257]);
(Hsphere{25},1.028931[50.46557,26.59054,123.3678]);
(Hsphere{25},1.033813[51.47635,28.59106,122.1191]);
(Hsphere{25},1.038818[52.45378,30.92568,121.4176]);
(Hsphere{25},1.044434[53.20099,33.26656,119.4966]);
(Hsphere{25},1.048584[53.67286,35.94008,116.8942]);
(Hsphere{25},1.053467[53.75616,37.77132,114.8566]);
(Hsphere{25},1.05835[53.56939,39.83449,112.9952]);
}
