Attack:3{
(Hsphere{8.200001},0.3868408[16.40311,45.9505,-3.502126]);
(Hsphere{8.200001},0.3917236[16.33455,46.15253,-1.879259]);
(Hsphere{8.200001},0.3967285[16.27319,46.2074,-0.08915997]);
(Hsphere{8.200001},0.4015503[16.20691,46.12317,2.724877]);
(Hsphere{8.200001},0.4066772[16.06605,45.79725,5.666704]);
(Hsphere{8.200001},0.411377[15.75708,44.88765,9.514381]);
(Hsphere{8.200001},0.4162598[15.18753,43.47939,13.47433]);
(Hsphere{8.200001},0.4211426[14.11954,41.39884,18.37624]);
(Hsphere{8.200001},0.4268799[12.28157,38.49226,22.87294]);
(Hsphere{8.200001},0.4310303[9.045801,33.84958,27.66251]);
(Hsphere{8.200001},0.4358521[6.368375,30.10098,30.07507]);
(Hsphere{8.200001},0.4407349[3.290673,25.79504,32.25711]);
(Hsphere{8.200001},0.4456787[0.05339774,21.52917,32.74319]);
(Hsphere{8.200001},0.4505615[-2.966894,17.61129,32.20791]);
(Hsphere{8.200001},0.4554443[-5.35428,14.29051,31.04102]);
(Hsphere{8.200001},0.4609985[-7.025203,11.65291,30.24605]);
(Hsphere{8.200001},0.465271[-8.416748,9.277617,28.6725]);
(Hsphere{8.200001},0.4701538[-9.284759,7.913387,27.56421]);
(Hsphere{8.200001},0.4750366[-10.16211,6.850555,26.49997]);
(Hsphere{8.200001},0.4800415[-10.82581,6.165629,25.76929]);
(Hsphere{8.200001},0.4848633[-11.41863,5.74194,25.86679]);
(Hsphere{8.200001},0.4897461[-12.0309,5.555588,25.46318]);
(Hsphere{8.200001},0.4946289[-12.64593,5.56979,25.18397]);
(Hsphere{8.200001},0.4995728[-13.26773,5.704989,24.98668]);
(Hsphere{8.200001},0.5044556[-13.93572,5.910129,25.14795]);
(Hsphere{8.200001},0.5100098[-14.65998,6.180316,24.84143]);
(Hsphere{8.200001},0.5142212[-15.52437,6.584016,24.44022]);
(Hsphere{8.200001},0.519165[-16.20267,6.952722,24.09105]);
(Hsphere{8.200001},0.5240479[-16.99808,7.437366,23.97388]);
(Hsphere{8.200001},0.5289307[-17.79339,7.97577,23.45268]);
(Hsphere{8.200001},0.5338745[-18.57641,8.559002,22.86265]);
(Hsphere{8.200001},0.94104[-10.09792,34.87568,38.0515]);
(Hsphere{8.200001},0.9454346[-6.558003,28.03053,41.34016]);
(Hsphere{8.200001},0.9503784[-2.770134,21.94754,42.52927]);
(Hsphere{8.200001},0.9552612[1.618102,15.79805,41.93314]);
(Hsphere{8.200001},0.960144[5.207243,11.35454,40.13039]);
(Hsphere{8.200001},0.9650269[7.478866,8.667473,41.49534]);
(Hsphere{8.200001},0.9699707[8.920048,6.889616,39.83901]);
(Hsphere{8.200001},0.9748535[9.937709,5.692951,38.48746]);
(Hsphere{8.200001},0.9799194[10.77272,5.022771,37.39988]);
(Hsphere{8.200001},0.9846802[11.29039,4.857679,37.90681]);
(Hsphere{8.200001},0.9898682[11.64922,4.931633,37.60451]);
(Hsphere{8.200001},0.9944458[12.09176,5.050498,37.287]);
(Hsphere{8.200001},0.9998779[12.50666,5.201392,37.01163]);
(Hsphere{8.200001},1.004272[12.99768,5.488715,37.21699]);
(Hsphere{8.200001},1.009705[13.39571,5.797289,37.03823]);
(Hsphere{8.200001},1.014038[13.89477,6.290732,36.80513]);
(Hsphere{8.200001},1.018921[14.28952,6.762794,36.61084]);
(Hsphere{8.200001},1.023865[14.71526,7.349722,36.68372]);
(Hsphere{8.200001},1.029602[15.10061,7.974657,36.34933]);
(Hsphere{8.200001},1.03363[15.49833,8.766953,35.85204]);
(Hsphere{8.200001},1.038574[15.73719,9.349067,35.4344]);
(Hsphere{8.200001},1.043457[15.96105,10.05128,35.10713]);
(Hsphere{8.200001},1.049194[16.0903,10.74789,34.43603]);
(Hsphere{8.200001},1.053223[16.12377,11.51093,33.58618]);
(Hsphere{8.200001},1.058167[16.0704,12.02128,32.94848]);
}
