Attack:5{
(Hsphere{13},0.3861694[27.358,76.44893,-6.570467]);
(Hsphere{13},0.3912964[27.23942,76.82695,-2.966671]);
(Hsphere{13},0.3962097[27.13038,76.9475,0.1038699]);
(Hsphere{13},0.4010925[27.02516,76.8333,3.743051]);
(Hsphere{13},0.4060059[26.80616,76.34456,8.573606]);
(Hsphere{13},0.4109192[26.34991,74.99707,15.56874]);
(Hsphere{13},0.415802[25.41871,72.63854,22.44822]);
(Hsphere{13},0.4206848[23.7296,69.27954,29.62092]);
(Hsphere{13},0.4255981[20.80029,64.58341,37.0956]);
(Hsphere{13},0.430603[16.40346,58.22058,45.15226]);
(Hsphere{13},0.4353943[11.03421,50.69215,50.44861]);
(Hsphere{13},0.4406128[5.951632,43.56243,53.23917]);
(Hsphere{13},0.4456177[0.2074858,35.96993,54.21166]);
(Hsphere{13},0.4501038[-4.941908,29.29076,53.31859]);
(Hsphere{13},0.4549866[-8.619128,24.20182,52.80658]);
(Hsphere{13},0.4602661[-11.49951,19.70454,50.54392]);
(Hsphere{13},0.465271[-13.75495,15.86073,48.05815]);
(Hsphere{13},0.4702759[-15.48521,13.10887,45.8577]);
(Hsphere{13},0.4746094[-16.9719,11.31306,44.97643]);
(Hsphere{13},0.4795837[-17.95413,10.29204,43.8889]);
(Hsphere{13},0.4844055[-18.94811,9.548678,43.01118]);
(Hsphere{13},0.4892883[-19.95914,9.204548,42.32986]);
(Hsphere{13},0.4950867[-20.98687,9.20633,42.53123]);
(Hsphere{13},0.499115[-22.21546,9.47219,42.1385]);
(Hsphere{13},0.5041199[-23.12561,9.753036,41.83323]);
(Hsphere{13},0.5089111[-24.3519,10.20138,41.31914]);
(Hsphere{13},0.5140991[-25.58554,10.76305,41.38163]);
(Hsphere{13},0.519104[-26.96995,11.50285,40.67846]);
(Hsphere{13},0.5235901[-28.32357,12.32614,39.90118]);
(Hsphere{13},0.5285034[-29.53942,13.14547,39.10951]);
(Hsphere{13},0.5340881[-30.84703,14.11149,38.68779]);
(Hsphere{13},0.940094[-17.17602,58.8226,62.38849]);
(Hsphere{13},0.9450073[-11.9748,48.48624,67.71622]);
(Hsphere{13},0.9498901[-5.162141,37.33702,70.29276]);
(Hsphere{13},0.9548035[2.182648,26.9399,74.30803]);
(Hsphere{13},0.9596863[8.315407,19.28887,71.36981]);
(Hsphere{13},0.9645996[12.23493,14.65765,68.16051]);
(Hsphere{13},0.969696[14.72102,11.59931,65.35504]);
(Hsphere{13},0.9743958[16.51279,9.474929,66.17166]);
(Hsphere{13},0.9801331[17.8668,8.356964,64.40797]);
(Hsphere{13},0.9841919[18.86221,8.031369,63.22048]);
(Hsphere{13},0.9891052[19.37081,8.139151,62.79329]);
(Hsphere{13},0.9946899[20.04628,8.326788,63.35713]);
(Hsphere{13},0.9989014[20.89602,8.628351,62.78686]);
(Hsphere{13},1.00473[21.52662,8.990314,62.45563]);
(Hsphere{13},1.008728[22.41215,9.670911,62.05526]);
(Hsphere{13},1.014252[23.02405,10.27306,62.45213]);
(Hsphere{13},1.018494[23.86051,11.26357,62.04198]);
(Hsphere{13},1.023407[24.47486,12.10979,61.6685]);
(Hsphere{13},1.028687[25.12302,13.14589,61.12247]);
(Hsphere{13},1.033203[25.74409,14.35715,60.89545]);
(Hsphere{13},1.038696[26.19621,15.4298,60.1387]);
(Hsphere{13},1.042999[26.61623,16.74427,59.06073]);
(Hsphere{13},1.048706[26.80554,17.75702,58.08685]);
(Hsphere{13},1.052795[26.87589,19.03486,57.04893]);
(Hsphere{13},1.057709[26.79617,19.89645,55.98091]);
}
