Attack:2{
(Hsphere{5.8},0.3878479[10.93251,30.67722,-2.311025]);
(Hsphere{5.8},0.3919983[10.88062,30.81547,-1.052759]);
(Hsphere{5.8},0.3969116[10.8467,30.8371,-0.01954782]);
(Hsphere{5.8},0.4018555[10.80205,30.77627,1.842131]);
(Hsphere{5.8},0.4068604[10.7015,30.5379,3.877701]);
(Hsphere{5.8},0.4115906[10.49213,29.92271,6.409946]);
(Hsphere{5.8},0.4169006[10.09546,28.95369,9.089375]);
(Hsphere{5.8},0.4213867[9.28467,27.41166,12.59409]);
(Hsphere{5.8},0.4263[8.102573,25.56765,15.36312]);
(Hsphere{5.8},0.4312134[6.273763,22.9411,18.1125]);
(Hsphere{5.8},0.4360962[4.159004,19.97845,20.06097]);
(Hsphere{5.8},0.4410095[2.077077,17.07134,21.47409]);
(Hsphere{5.8},0.4459229[-0.08108423,14.2346,21.75778]);
(Hsphere{5.8},0.4508057[-2.088462,11.62724,21.3657]);
(Hsphere{5.8},0.4559326[-3.636158,9.460314,20.58185]);
(Hsphere{5.8},0.4609375[-4.779979,7.639246,19.99457]);
(Hsphere{5.8},0.4659424[-5.602802,6.231812,19.05261]);
(Hsphere{5.8},0.4703979[-6.283569,5.180074,18.18609]);
(Hsphere{5.8},0.4753113[-6.801873,4.569283,17.56183]);
(Hsphere{5.8},0.4801941[-7.239076,4.123542,17.39931]);
(Hsphere{5.8},0.4851074[-7.628431,3.852488,17.0687]);
(Hsphere{5.8},0.4899902[-8.04343,3.7342,16.79863]);
(Hsphere{5.8},0.4949646[-8.452919,3.748966,16.61731]);
(Hsphere{5.8},0.4997864[-8.874935,3.844359,16.74271]);
(Hsphere{5.8},0.5047913[-9.316163,3.98084,16.59136]);
(Hsphere{5.8},0.5097656[-9.808763,4.167821,16.3816]);
(Hsphere{5.8},0.5144958[-10.32547,4.409675,16.14158]);
(Hsphere{5.8},0.5202942[-10.83066,4.684419,16.10492]);
(Hsphere{5.8},0.5247498[-11.45715,5.07234,15.73768]);
(Hsphere{5.8},0.5292053[-11.94091,5.406095,15.41231]);
(Hsphere{5.8},0.5347595[-12.41243,5.760648,15.05179]);
(Hsphere{5.8},0.9416199[-6.709824,23.23482,25.16651]);
(Hsphere{5.8},0.9457092[-4.18699,18.40178,27.42997]);
(Hsphere{5.8},0.950592[-1.846701,14.66423,28.12083]);
(Hsphere{5.8},0.9555054[1.07879,10.56458,27.72338]);
(Hsphere{5.8},0.9603882[3.471454,7.602361,28.4374]);
(Hsphere{5.8},0.9653625[4.982425,5.815137,27.1592]);
(Hsphere{5.8},0.9701843[5.954986,4.61536,26.04079]);
(Hsphere{5.8},0.9753418[6.625127,3.827931,25.15044]);
(Hsphere{5.8},0.980011[7.201166,3.370456,25.30993]);
(Hsphere{5.8},0.9853516[7.519291,3.271193,24.93175]);
(Hsphere{5.8},0.9898071[7.789143,3.328187,24.70635]);
(Hsphere{5.8},0.9946899[8.040742,3.394555,24.52619]);
(Hsphere{5.8},0.9996338[8.337774,3.500214,24.6343]);
(Hsphere{5.8},1.004486[8.634748,3.670943,24.47825]);
(Hsphere{5.8},1.009399[8.930465,3.897473,24.34473]);
(Hsphere{5.8},1.014648[9.229518,4.189442,24.20505]);
(Hsphere{5.8},1.019653[9.54751,4.568414,24.28982]);
(Hsphere{5.8},1.024109[9.835576,4.970336,24.10973]);
(Hsphere{5.8},1.028992[10.06707,5.349057,23.90512]);
(Hsphere{5.8},1.033905[10.29614,5.798365,23.62627]);
(Hsphere{5.8},1.038788[10.49146,6.26533,23.46255]);
(Hsphere{5.8},1.043701[10.6407,6.733474,23.07814]);
(Hsphere{5.8},1.048615[10.7265,7.194926,22.63379]);
(Hsphere{5.8},1.053619[10.75119,7.635245,22.14864]);
(Hsphere{5.8},1.058411[10.7119,8.056625,21.62625]);
}
