Attack:4{
(Hsphere{10.6},0.3870239[21.85318,61.30397,-4.402709]);
(Hsphere{10.6},0.391922[21.77579,61.51038,-2.518506]);
(Hsphere{10.6},0.3968201[21.69449,61.57664,0.6003466]);
(Hsphere{10.6},0.4017334[21.60577,61.45805,3.612655]);
(Hsphere{10.6},0.4066315[21.4102,60.9986,7.616416]);
(Hsphere{10.6},0.4115295[21.01103,59.82209,12.54844]);
(Hsphere{10.6},0.4164276[20.20636,57.84341,18.83119]);
(Hsphere{10.6},0.4213257[18.75107,55.03592,24.61907]);
(Hsphere{10.6},0.4262238[16.24943,51.10313,30.62264]);
(Hsphere{10.6},0.4311371[12.60522,45.86562,36.13749]);
(Hsphere{10.6},0.436142[8.369856,39.9318,40.86632]);
(Hsphere{10.6},0.4409332[4.10875,33.98353,42.98595]);
(Hsphere{10.6},0.4459381[-0.1094843,28.43941,43.54137]);
(Hsphere{10.6},0.4511719[-4.182924,23.14867,42.75315]);
(Hsphere{10.6},0.4556274[-7.464138,18.53435,41.84813]);
(Hsphere{10.6},0.4611664[-9.443589,15.37627,40.17787]);
(Hsphere{10.6},0.4654236[-11.2708,12.25595,38.09479]);
(Hsphere{10.6},0.4703217[-12.43187,10.44581,36.61241]);
(Hsphere{10.6},0.4752197[-13.58981,9.056274,35.90141]);
(Hsphere{10.6},0.4801331[-14.4669,8.159185,34.94264]);
(Hsphere{10.6},0.4850464[-15.24574,7.612677,34.27856]);
(Hsphere{10.6},0.4900055[-16.07709,7.37141,33.73568]);
(Hsphere{10.6},0.4950104[-16.90702,7.400249,33.9294]);
(Hsphere{10.6},0.4997253[-17.75661,7.592794,33.66264]);
(Hsphere{10.6},0.5046234[-18.61904,7.85962,33.36732]);
(Hsphere{10.6},0.5097961[-19.58691,8.224787,32.95601]);
(Hsphere{10.6},0.5144196[-20.65779,8.724975,32.95752]);
(Hsphere{10.6},0.5193329[-21.6464,9.262369,32.44849]);
(Hsphere{10.6},0.524231[-22.70726,9.911699,31.83505]);
(Hsphere{10.6},0.5291748[-23.76733,10.63223,31.13654]);
(Hsphere{10.6},0.5341797[-24.81989,11.41953,30.33818]);
(Hsphere{10.6},0.9408417[-13.46119,46.46239,50.15215]);
(Hsphere{10.6},0.9458313[-9.111086,37.98022,54.31517]);
(Hsphere{10.6},0.950531[-3.437134,28.84703,56.13795]);
(Hsphere{10.6},0.9554291[2.157581,21.0313,59.18571]);
(Hsphere{10.6},0.9603271[6.942991,15.10677,56.7821]);
(Hsphere{10.6},0.9652252[9.96485,11.53242,54.22575]);
(Hsphere{10.6},0.9701996[11.8934,9.153541,52.01025]);
(Hsphere{10.6},0.9750214[13.26925,7.538518,52.68113]);
(Hsphere{10.6},0.9799194[14.35836,6.667384,51.26275]);
(Hsphere{10.6},0.9848328[15.03858,6.444535,50.44923]);
(Hsphere{10.6},0.9897308[15.53228,6.542892,50.03061]);
(Hsphere{10.6},0.9946289[16.08148,6.69126,50.45471]);
(Hsphere{10.6},0.999527[16.67555,6.902573,50.05669]);
(Hsphere{10.6},1.004425[17.26492,7.240931,49.74677]);
(Hsphere{10.6},1.009323[17.86094,7.697102,49.47756]);
(Hsphere{10.6},1.014221[18.45904,8.28103,49.1982]);
(Hsphere{10.6},1.019211[19.0527,8.984457,49.5665]);
(Hsphere{10.6},1.024216[19.6304,9.781928,49.2131]);
(Hsphere{10.6},1.029221[20.1533,10.63489,48.7541]);
(Hsphere{10.6},1.033829[20.61841,11.55541,48.17926]);
(Hsphere{10.6},1.039215[20.98292,12.43281,47.92646]);
(Hsphere{10.6},1.043625[21.30394,13.46156,47.07442]);
(Hsphere{10.6},1.04921[21.45301,14.292,46.26894]);
(Hsphere{10.6},1.053421[21.49942,15.28795,45.16235]);
(Hsphere{10.6},1.058334[21.4272,15.99576,44.53879]);
}
