chopl:5{
(Hsphere{13},0.5648804[-5.860223,43.69795,-29.6827]);
(Hsphere{13},0.5686646[-6.398171,43.85689,-29.29772]);
(Hsphere{13},0.5695496[-8.567573,44.52348,-27.63665]);
(Hsphere{13},0.5708923[-9.0709,44.682,-27.22529]);
(Hsphere{13},0.5718079[-9.818327,44.91839,-26.59533]);
(Hsphere{13},0.5740356[-10.31316,45.07492,-26.16515]);
(Hsphere{13},0.5749207[-11.53002,45.4567,-25.06012]);
(Hsphere{13},0.5770264[-12.01951,45.60793,-24.59539]);
(Hsphere{13},0.5779114[-13.13998,45.95119,-23.48511]);
(Hsphere{13},0.5800171[-13.60892,46.09862,-23.00129]);
(Hsphere{13},0.5809326[-14.67383,46.44309,-21.857]);
(Hsphere{13},0.5830078[-15.11927,46.59095,-21.35777]);
(Hsphere{13},0.5839233[-16.14381,46.93854,-20.15631]);
(Hsphere{13},0.5860596[-16.57735,47.08846,-19.62264]);
(Hsphere{13},0.5869446[-17.59626,47.4466,-18.29819]);
(Hsphere{13},0.5890503[-18.02483,47.59944,-17.70708]);
(Hsphere{13},0.5899658[-19.02419,47.96071,-16.23326]);
(Hsphere{13},0.5920105[-19.44903,48.1164,-15.55916]);
(Hsphere{13},0.592926[-20.41125,48.4773,-13.90366]);
(Hsphere{13},0.5950317[-20.82005,48.63841,-13.13985]);
(Hsphere{13},0.5959473[-21.74135,49.02378,-11.25111]);
(Hsphere{13},0.5980225[-22.11174,49.18898,-10.41095]);
(Hsphere{13},0.598938[-22.91372,49.57325,-8.374002]);
(Hsphere{13},0.6010437[-23.2292,49.73728,-7.465296]);
(Hsphere{13},0.6019287[-23.89015,50.11616,-5.263371]);
(Hsphere{13},0.6040344[-24.13568,50.27456,-4.295506]);
(Hsphere{13},0.60495[-24.61602,50.63462,-1.976632]);
(Hsphere{13},0.6070862[-24.77959,50.78405,-0.9604791]);
(Hsphere{13},0.6079712[-25.06559,51.12575,1.51378]);
(Hsphere{13},0.6100464[-25.14105,51.26267,2.591989]);
(Hsphere{13},0.6109619[-25.19577,51.55957,5.145321]);
(Hsphere{13},0.6130371[-25.16397,51.67994,6.278917]);
(Hsphere{13},0.6139526[-24.95221,51.93724,8.941923]);
(Hsphere{13},0.6160583[-24.80067,52.0378,10.09051]);
(Hsphere{13},0.6169739[-24.30155,52.24992,12.77357]);
(Hsphere{13},0.6190491[-24.03101,52.32965,13.89531]);
(Hsphere{13},0.6199341[-23.27986,52.49181,16.42858]);
(Hsphere{13},0.6220703[-22.90649,52.55275,17.48615]);
(Hsphere{13},0.6229553[-21.92081,52.67516,19.8856]);
(Hsphere{13},0.625061[-21.45251,52.71252,20.88062]);
(Hsphere{13},0.6259766[-20.23635,52.76315,23.15945]);
(Hsphere{13},0.6280823[-19.66892,52.77008,24.10407]);
(Hsphere{13},0.6289978[-18.23419,52.75572,26.2387]);
(Hsphere{13},0.6325989[-17.5875,52.73802,27.10268]);
(Hsphere{13},0.6334839[-14.85035,52.61606,30.24915]);
(Hsphere{13},0.6350403[-14.14279,52.57678,30.9526]);
(Hsphere{13},0.6359558[-12.90946,52.50508,32.09032]);
(Hsphere{13},0.638092[-12.20435,52.46351,32.69496]);
(Hsphere{13},0.6389771[-10.54911,52.35822,33.99706]);
(Hsphere{13},0.6410828[-9.850093,52.30637,34.50098]);
(Hsphere{13},0.6419678[-8.232985,52.17099,35.57122]);
(Hsphere{13},0.644104[-7.545025,52.10736,35.98849]);
(Hsphere{13},0.644989[-5.956159,51.94782,36.87134]);
(Hsphere{13},0.6471252[-5.293415,51.87638,37.20779]);
(Hsphere{13},0.6480408[-3.755066,51.70021,37.92061]);
(Hsphere{13},0.650116[-3.132129,51.6249,38.18317]);
(Hsphere{13},0.651001[-1.756891,51.45073,38.71194]);
(Hsphere{13},0.6531067[-1.186235,51.37524,38.91145]);
(Hsphere{13},0.6540222[0.07367754,51.20472,39.3128]);
(Hsphere{13},0.6557007[0.5788756,51.13654,39.45914]);
(Hsphere{13},0.6567383[1.479948,51.01555,39.69952]);
(Hsphere{13},0.6586914[2.003831,50.94562,39.82701]);
(Hsphere{13},0.6596069[2.924396,50.82331,40.02872]);
(Hsphere{13},0.6611633[3.326117,50.77015,40.10752]);
(Hsphere{13},0.6621094[3.996575,50.68133,40.22593]);
(Hsphere{13},0.6637878[4.372548,50.63136,40.2848]);
(Hsphere{13},0.6646729[5.031209,50.54299,40.37391]);
(Hsphere{13},0.6663513[5.369468,50.49693,40.41228]);
(Hsphere{13},0.6672668[5.978312,50.41231,40.46747]);
(Hsphere{13},0.6687927[6.295012,50.36773,40.48853]);
(Hsphere{13},0.6697083[6.816625,50.29887,40.51054]);
(Hsphere{13},0.6719971[7.10813,50.26325,40.51556]);
(Hsphere{13},0.6729126[7.814712,50.18631,40.50441]);
(Hsphere{13},0.6751404[8.075685,50.16162,40.49128]);
(Hsphere{13},0.6760254[8.689044,50.11255,40.43913]);
(Hsphere{13},0.6779785[8.923391,50.0974,40.41067]);
(Hsphere{13},0.678894[9.40592,50.07313,40.33553]);
(Hsphere{13},0.6810913[9.61891,50.0656,40.29469]);
(Hsphere{13},0.6819763[10.11508,50.05625,40.17923]);
(Hsphere{13},0.684082[10.30565,50.05578,40.12614]);
(Hsphere{13},0.6850281[10.70857,50.06066,39.99057]);
(Hsphere{13},0.6875305[10.88234,50.06592,39.92327]);
(Hsphere{13},0.6884155[11.31589,50.08775,39.72931]);
(Hsphere{13},0.6905518[11.46577,50.09825,39.65282]);
(Hsphere{13},0.6914368[11.80763,50.12797,39.45835]);
(Hsphere{13},0.693512[11.94723,50.14236,39.37042]);
(Hsphere{13},0.6944275[12.25933,50.17916,39.15479]);
(Hsphere{13},0.6964417[12.39163,50.19658,39.05506]);
(Hsphere{13},0.6973267[12.68203,50.23827,38.81809]);
(Hsphere{13},0.6994324[12.8095,50.25804,38.70595]);
(Hsphere{13},0.7003174[13.09317,50.30968,38.43274]);
(Hsphere{13},0.7024536[13.2086,50.33434,38.31107]);
(Hsphere{13},0.7033386[13.4673,50.39869,38.01352]);
(Hsphere{13},0.7054443[13.57148,50.42852,37.88313]);
(Hsphere{13},0.7063293[13.80012,50.50304,37.57315]);
(Hsphere{13},0.7084351[13.89451,50.53773,37.43492]);
(Hsphere{13},0.7093201[14.10403,50.62376,37.10459]);
(Hsphere{13},0.7114563[14.18989,50.66281,36.95928]);
(Hsphere{13},0.7123413[14.38419,50.75969,36.60766]);
(Hsphere{13},0.7145691[14.46484,50.80193,36.45619]);
(Hsphere{13},0.7154541[14.66913,50.90328,36.07897]);
(Hsphere{13},0.7174683[14.75064,50.94432,35.92179]);
(Hsphere{13},0.7183533[14.9284,51.03374,35.56709]);
(Hsphere{13},0.720459[15.00725,51.07288,35.4052]);
(Hsphere{13},0.7228394[15.18991,51.16057,35.0219]);
(Hsphere{13},0.7237244[15.39553,51.25127,34.58182]);
(Hsphere{13},0.7254333[15.47369,51.28266,34.41373]);
(Hsphere{13},0.7263184[15.62166,51.33635,34.0965]);
(Hsphere{13},0.7284851[15.70155,51.36189,33.92662]);
}
