chopr:6{
(Hsphere{15.4},0.5664368[7.488849,52.65736,-35.69646]);
(Hsphere{15.4},0.5698547[9.01786,53.13633,-34.597]);
(Hsphere{15.4},0.5724792[11.50574,53.93004,-32.6617]);
(Hsphere{15.4},0.5733948[13.43757,54.54294,-31.02391]);
(Hsphere{15.4},0.5755615[14.10104,54.75036,-30.43139]);
(Hsphere{15.4},0.5764771[15.7223,55.24734,-28.91148]);
(Hsphere{15.4},0.5784302[16.39601,55.45141,-28.24624]);
(Hsphere{15.4},0.5793457[17.85451,55.9077,-26.7238]);
(Hsphere{15.4},0.581543[18.50705,56.11805,-26.00297]);
(Hsphere{15.4},0.582428[20.06713,56.63524,-24.16744]);
(Hsphere{15.4},0.5845032[20.69922,56.85022,-23.37368]);
(Hsphere{15.4},0.5854187[22.13523,57.3497,-21.44529]);
(Hsphere{15.4},0.5875549[22.74643,57.56698,-20.56468]);
(Hsphere{15.4},0.5884705[24.17904,58.08805,-18.33149]);
(Hsphere{15.4},0.5906067[24.76242,58.30553,-17.3421]);
(Hsphere{15.4},0.5914917[26.1015,58.81942,-14.84729]);
(Hsphere{15.4},0.5934753[26.64427,59.03554,-13.72645]);
(Hsphere{15.4},0.5943909[27.79056,59.52068,-11.07411]);
(Hsphere{15.4},0.5964355[28.27247,59.74063,-9.803951]);
(Hsphere{15.4},0.5973511[29.26085,60.239,-6.748036]);
(Hsphere{15.4},0.5994873[29.6347,60.45313,-5.350398]);
(Hsphere{15.4},0.6003723[30.35226,60.94484,-1.916672]);
(Hsphere{15.4},0.6025085[30.57722,61.14414,-0.4241374]);
(Hsphere{15.4},0.6033936[30.90815,61.59168,3.178907]);
(Hsphere{15.4},0.6072388[30.95912,61.76985,4.723982]);
(Hsphere{15.4},0.6081543[30.56205,62.44332,11.39704]);
(Hsphere{15.4},0.6105042[30.31868,62.56985,13.00431]);
(Hsphere{15.4},0.6113892[29.37859,62.83033,17.25548]);
(Hsphere{15.4},0.6134949[28.89882,62.90336,18.8846]);
(Hsphere{15.4},0.6143799[27.53279,63.01731,22.61158]);
(Hsphere{15.4},0.6165466[26.84614,63.04348,24.16356]);
(Hsphere{15.4},0.6174316[24.995,63.05744,27.69957]);
(Hsphere{15.4},0.6190796[24.14813,63.04601,29.08915]);
(Hsphere{15.4},0.6199646[22.53867,63.00624,31.44555]);
(Hsphere{15.4},0.6218262[21.61928,62.97685,32.65548]);
(Hsphere{15.4},0.6227112[19.70591,62.90763,34.92065]);
(Hsphere{15.4},0.624176[18.74675,62.86229,35.94587]);
(Hsphere{15.4},0.625061[17.16207,62.76982,37.50115]);
(Hsphere{15.4},0.6268005[16.15779,62.70187,38.40653]);
(Hsphere{15.4},0.6289368[14.17882,62.55148,40.02937]);
(Hsphere{15.4},0.6298218[11.75933,62.34603,41.75656]);
(Hsphere{15.4},0.6314087[10.73641,62.25445,42.41062]);
(Hsphere{15.4},0.6323242[8.963547,62.09199,43.44656]);
(Hsphere{15.4},0.634613[7.973574,62.00046,43.97427]);
(Hsphere{15.4},0.6355286[5.537849,61.77897,45.12917]);
(Hsphere{15.4},0.6374817[4.634684,61.7004,45.50861]);
(Hsphere{15.4},0.6383972[2.771214,61.55027,46.21395]);
(Hsphere{15.4},0.6405029[1.977164,61.492,46.48383]);
(Hsphere{15.4},0.6413879[0.2437934,61.3768,47.01121]);
(Hsphere{15.4},0.6434937[-0.4447415,61.33537,47.19749]);
(Hsphere{15.4},0.6444092[-1.940137,61.25224,47.55679]);
(Hsphere{15.4},0.6465149[-2.538566,61.22073,47.68306]);
(Hsphere{15.4},0.6473999[-3.854743,61.15135,47.92448]);
(Hsphere{15.4},0.6495056[-4.379264,61.12205,48.00628]);
(Hsphere{15.4},0.6504211[-5.537163,61.0482,48.15581]);
(Hsphere{15.4},0.6525269[-6.005681,61.01255,48.20337]);
(Hsphere{15.4},0.6534119[-7.042449,60.92014,48.28018]);
(Hsphere{15.4},0.6555176[-7.459586,60.88537,48.30043]);
(Hsphere{15.4},0.6564026[-8.362789,60.82175,48.32256]);
(Hsphere{15.4},0.6585083[-8.723175,60.80158,48.32249]);
(Hsphere{15.4},0.6594238[-9.508756,60.77008,48.30296]);
(Hsphere{15.4},0.6615601[-9.81756,60.76313,48.28735]);
(Hsphere{15.4},0.6624756[-10.49346,60.76058,48.23534]);
(Hsphere{15.4},0.6646118[-10.75924,60.76505,48.20736]);
(Hsphere{15.4},0.6655273[-11.33923,60.78754,48.12916]);
(Hsphere{15.4},0.6675415[-11.5621,60.80137,48.09192]);
(Hsphere{15.4},0.668457[-12.0261,60.84085,47.99916]);
(Hsphere{15.4},0.6705933[-12.21653,60.86162,47.95423]);
(Hsphere{15.4},0.6714783[-12.63478,60.91748,47.83862]);
(Hsphere{15.4},0.6735535[-12.79755,60.94324,47.78637]);
(Hsphere{15.4},0.6744385[-13.14517,61.00586,47.65852]);
(Hsphere{15.4},0.6765137[-13.2869,61.03424,47.59917]);
(Hsphere{15.4},0.6774292[-13.59486,61.10102,47.45346]);
(Hsphere{15.4},0.6794739[-13.72128,61.12998,47.38637]);
(Hsphere{15.4},0.6803894[-13.99789,61.195,47.22341]);
(Hsphere{15.4},0.6825867[-14.11486,61.2225,47.14754]);
(Hsphere{15.4},0.6835022[-14.39457,61.28697,46.94858]);
(Hsphere{15.4},0.6855774[-14.5022,61.3137,46.86382]);
(Hsphere{15.4},0.6864624[-14.73494,61.37856,46.66123]);
(Hsphere{15.4},0.6885681[-14.82935,61.40801,46.57056]);
(Hsphere{15.4},0.6894531[-15.03463,61.4792,46.35424]);
(Hsphere{15.4},0.6915894[-15.11833,61.51134,46.25776]);
(Hsphere{15.4},0.6940308[-15.30651,61.59075,46.02163]);
(Hsphere{15.4},0.6966248[-15.50598,61.68648,45.74012]);
(Hsphere{15.4},0.6975403[-15.70661,61.79476,45.4239]);
(Hsphere{15.4},0.699585[-15.77366,61.83329,45.31108]);
(Hsphere{15.4},0.70047[-15.92058,61.91848,45.05116]);
(Hsphere{15.4},0.7025452[-15.98249,61.95445,44.93647]);
(Hsphere{15.4},0.7034302[-16.11958,62.03351,44.67236]);
(Hsphere{15.4},0.7055664[-16.17812,62.06675,44.55564]);
(Hsphere{15.4},0.7064514[-16.31353,62.1416,44.27835]);
(Hsphere{15.4},0.7087708[-16.37048,62.172,44.15919]);
(Hsphere{15.4},0.7096558[-16.51614,62.24576,43.8503]);
(Hsphere{15.4},0.7115479[-16.57337,62.27296,43.72803]);
(Hsphere{15.4},0.7124329[-16.69511,62.32709,43.4682]);
(Hsphere{15.4},0.7145691[-16.75421,62.35136,43.34275]);
(Hsphere{15.4},0.7154846[-16.89889,62.4037,43.04095]);
(Hsphere{15.4},0.7176208[-16.96174,62.42337,42.91217]);
(Hsphere{15.4},0.7185364[-17.11595,62.46447,42.60172]);
(Hsphere{15.4},0.7206116[-17.18276,62.47933,42.46946]);
(Hsphere{15.4},0.7215271[-17.34334,62.50837,42.1566]);
(Hsphere{15.4},0.7235107[-17.41412,62.51836,42.02075]);
(Hsphere{15.4},0.7244263[-17.57568,62.53536,41.71488]);
(Hsphere{15.4},0.7268066[-17.65035,62.54067,41.57532]);
(Hsphere{15.4},0.7276917[-17.85275,62.5476,41.20188]);
}
