choptl:5{
(Hsphere{13},0.5684204[2.705766,48.66783,-35.01139]);
(Hsphere{13},0.5733032[0.6042348,50.22073,-33.86665]);
(Hsphere{13},0.5782166[-1.972997,52.05903,-32.24427]);
(Hsphere{13},0.5831299[-4.586831,53.68317,-30.4465]);
(Hsphere{13},0.5880127[-7.109437,55.1579,-28.50776]);
(Hsphere{13},0.592926[-9.777082,56.62157,-26.25466]);
(Hsphere{13},0.5979919[-12.78311,58.18358,-23.38848]);
(Hsphere{13},0.6027222[-16.03209,59.85387,-19.59649]);
(Hsphere{13},0.6079102[-18.98955,61.48181,-15.0532]);
(Hsphere{13},0.6125183[-21.84569,63.44836,-8.318027]);
(Hsphere{13},0.6174011[-23.32763,65.22476,-0.3641183]);
(Hsphere{13},0.6223145[-22.75754,66.64228,9.016295]);
(Hsphere{13},0.6272278[-20.00487,67.32287,17.53379]);
(Hsphere{13},0.6321106[-15.50932,67.17796,25.01007]);
(Hsphere{13},0.6372375[-9.922219,66.31989,30.85076]);
(Hsphere{13},0.6422424[-4.475081,65.208,34.60657]);
(Hsphere{13},0.6468201[-0.434688,64.36298,36.51979]);
(Hsphere{13},0.6517029[2.363761,63.79823,37.46755]);
(Hsphere{13},0.6566162[4.740231,63.29814,38.03252]);
(Hsphere{13},0.6616821[6.456182,62.97523,38.27703]);
(Hsphere{13},0.6673889[7.572744,62.83772,38.33562]);
(Hsphere{13},0.6713257[8.526057,62.59846,38.3133]);
(Hsphere{13},0.6767883[9.109668,62.3348,38.25623]);
(Hsphere{13},0.6811218[9.794573,61.92583,38.11024]);
(Hsphere{13},0.6860046[10.28072,61.58144,37.93743]);
(Hsphere{13},0.690918[10.7961,61.18353,37.6733]);
(Hsphere{13},0.6958313[11.24307,60.79976,37.33954]);
(Hsphere{13},0.7008362[11.64995,60.43932,36.93431]);
(Hsphere{13},0.7058411[12.04771,60.09022,36.46105]);
(Hsphere{13},0.7105103[12.41965,59.74168,35.95494]);
(Hsphere{13},0.7154236[12.75489,59.41302,35.45615]);
(Hsphere{13},0.7203979[13.13095,59.0591,34.91075]);
(Hsphere{13},0.7252197[13.5412,58.68526,34.3336]);
(Hsphere{13},0.7302246[13.96941,58.30399,33.75111]);
}
