chopl:10{
(Hsphere{25},0.5661011[-13.12444,87.71404,-58.35647]);
(Hsphere{25},0.5699158[-14.17787,88.03252,-57.57592]);
(Hsphere{25},0.5708313[-18.52882,89.38843,-54.12881]);
(Hsphere{25},0.5732117[-19.52508,89.70363,-53.28632]);
(Hsphere{25},0.5741272[-22.14766,90.53086,-50.96508]);
(Hsphere{25},0.5762024[-23.12828,90.83675,-50.05621]);
(Hsphere{25},0.5770874[-25.38834,91.5293,-47.86899]);
(Hsphere{25},0.5792236[-26.34464,91.82468,-46.9042]);
(Hsphere{25},0.5801086[-28.52376,92.51874,-44.61507]);
(Hsphere{25},0.5822144[-29.42491,92.81379,-43.62848]);
(Hsphere{25},0.5831299[-31.49203,93.50694,-41.26438]);
(Hsphere{25},0.585144[-32.36379,93.80545,-40.22009]);
(Hsphere{25},0.5860596[-34.30767,94.48244,-37.77269]);
(Hsphere{25},0.5882263[-35.16704,94.78629,-36.63081]);
(Hsphere{25},0.5891113[-37.23199,95.5268,-33.70564]);
(Hsphere{25},0.5912476[-38.0844,95.8367,-32.41066]);
(Hsphere{25},0.5921326[-40.07424,96.57117,-29.13945]);
(Hsphere{25},0.5942383[-40.90622,96.88926,-27.65448]);
(Hsphere{25},0.5951233[-42.78387,97.6495,-23.99606]);
(Hsphere{25},0.597229[-43.54897,97.97874,-22.35618]);
(Hsphere{25},0.5981445[-45.21847,98.7471,-18.37585]);
(Hsphere{25},0.6002197[-45.88269,99.07672,-16.5946]);
(Hsphere{25},0.6011353[-47.28807,99.83875,-12.28153]);
(Hsphere{25},0.603241[-47.82037,100.1594,-10.37628]);
(Hsphere{25},0.604126[-48.88572,100.8912,-5.798977]);
(Hsphere{25},0.6061707[-49.26018,101.1955,-3.791235]);
(Hsphere{25},0.6070557[-49.91399,101.8598,0.8346323]);
(Hsphere{25},0.6092529[-50.12379,102.1423,2.940654]);
(Hsphere{25},0.6101685[-50.38986,102.7944,8.263316]);
(Hsphere{25},0.6122742[-50.38844,103.045,10.50809]);
(Hsphere{25},0.6131592[-50.11325,103.5868,15.83431]);
(Hsphere{25},0.6152649[-49.87526,103.7989,18.13155]);
(Hsphere{25},0.6161804[-49.03216,104.2476,23.50195]);
(Hsphere{25},0.6182556[-48.55319,104.4181,25.76771]);
(Hsphere{25},0.6191711[-47.18032,104.7675,30.92213]);
(Hsphere{25},0.6230774[-46.48497,104.8989,33.07844]);
(Hsphere{25},0.6239624[-42.82583,105.3324,41.92266]);
(Hsphere{25},0.6262512[-41.82187,105.3864,43.88739]);
(Hsphere{25},0.6271362[-39.02359,105.4433,48.7092]);
(Hsphere{25},0.6292419[-37.82298,105.4369,50.54375]);
(Hsphere{25},0.6301575[-34.83044,105.3669,54.64793]);
(Hsphere{25},0.6323853[-33.4918,105.3169,56.30233]);
(Hsphere{25},0.6333008[-30.04309,105.1526,60.14583]);
(Hsphere{25},0.6353455[-28.63028,105.0752,61.56965]);
(Hsphere{25},0.6362305[-25.41618,104.8885,64.53246]);
(Hsphere{25},0.6382751[-24.00967,104.8058,65.72089]);
(Hsphere{25},0.6391907[-20.82681,104.5991,68.19388]);
(Hsphere{25},0.6413269[-19.42949,104.4939,69.19115]);
(Hsphere{25},0.6422119[-16.13999,104.2146,71.34411]);
(Hsphere{25},0.6443176[-14.76652,104.086,72.16688]);
(Hsphere{25},0.6452026[-11.61654,103.7664,73.89597]);
(Hsphere{25},0.6473694[-10.29533,103.6228,74.55871]);
(Hsphere{25},0.6482544[-7.221677,103.2681,75.96543]);
(Hsphere{25},0.6503601[-5.982312,103.1173,76.48112]);
(Hsphere{25},0.6512756[-3.21067,102.7639,77.53209]);
(Hsphere{25},0.6533508[-2.078733,102.6132,77.92192]);
(Hsphere{25},0.6542358[0.3915548,102.2786,78.69786]);
(Hsphere{25},0.6564331[1.392845,102.1435,78.984]);
(Hsphere{25},0.6573181[3.66698,101.8387,79.57312]);
(Hsphere{25},0.6593018[4.547223,101.7215,79.77821]);
(Hsphere{25},0.6602173[6.371142,101.4796,80.16122]);
(Hsphere{25},0.6624146[7.157031,101.3756,80.30814]);
(Hsphere{25},0.6632996[8.972111,101.1345,80.60294]);
(Hsphere{25},0.6653748[9.677555,101.04,80.69965]);
(Hsphere{25},0.6662903[11.23415,100.8278,80.87387]);
(Hsphere{25},0.6683655[11.88349,100.7371,80.92937]);
(Hsphere{25},0.669281[13.33054,100.5386,81.01169]);
(Hsphere{25},0.6713867[13.92273,100.464,81.02741]);
(Hsphere{25},0.6723022[15.24852,100.3134,81.02165]);
(Hsphere{25},0.674408[15.7822,100.2599,81.00219]);
(Hsphere{25},0.6753235[16.9835,100.156,80.91859]);
(Hsphere{25},0.6773071[17.46414,100.1214,80.86858]);
(Hsphere{25},0.6781921[18.47031,100.0634,80.72954]);
(Hsphere{25},0.6804504[18.90638,100.0447,80.65377]);
(Hsphere{25},0.681366[19.94589,100.0176,80.43074]);
(Hsphere{25},0.6834106[20.33933,100.0141,80.32932]);
(Hsphere{25},0.6842957[21.15527,100.0181,80.07532]);
(Hsphere{25},0.6858215[21.49254,100.0254,79.9529]);
(Hsphere{25},0.6885376[22.0417,100.0452,79.73097]);
(Hsphere{25},0.6894531[22.96758,100.1014,79.28651]);
(Hsphere{25},0.6915283[23.25985,100.1252,79.12605]);
(Hsphere{25},0.6924133[23.91113,100.1887,78.73004]);
(Hsphere{25},0.694397[24.18508,100.2196,78.54676]);
(Hsphere{25},0.695282[24.7707,100.2936,78.1198]);
(Hsphere{25},0.6974182[25.03213,100.3299,77.91322]);
(Hsphere{25},0.6983032[25.63444,100.4208,77.39796]);
(Hsphere{25},0.700592[25.88204,100.4631,77.16726]);
(Hsphere{25},0.7015076[26.4801,100.5851,76.55352]);
(Hsphere{25},0.7034302[26.7021,100.6384,76.30334]);
(Hsphere{25},0.7043152[27.15253,100.762,75.75401]);
(Hsphere{25},0.706543[27.35439,100.8249,75.48803]);
(Hsphere{25},0.7074585[27.83072,100.9936,74.80707]);
(Hsphere{25},0.7094421[28.01296,101.0664,74.52509]);
(Hsphere{25},0.7103577[28.39814,101.2364,73.88675]);
(Hsphere{25},0.712616[28.56476,101.317,73.5918]);
(Hsphere{25},0.7150574[28.97239,101.5269,72.83583]);
(Hsphere{25},0.7159424[29.42513,101.7524,71.99132]);
(Hsphere{25},0.7185364[29.58705,101.8341,71.6753]);
(Hsphere{25},0.7194519[30.04288,102.0619,70.75161]);
(Hsphere{25},0.7217102[30.19939,102.1379,70.42495]);
(Hsphere{25},0.7225952[30.59055,102.3189,69.59413]);
(Hsphere{25},0.7246094[30.74619,102.386,69.26009]);
(Hsphere{25},0.7254944[31.09435,102.5228,68.51176]);
(Hsphere{25},0.7276917[31.25272,102.578,68.17297]);
}
