chopl:2{
(Hsphere{5.8},0.5654449[-2.503605,17.57667,-11.75152]);
(Hsphere{5.8},0.5809174[-2.716597,17.64032,-11.59658]);
(Hsphere{5.8},0.5818176[-6.074443,18.69474,-8.516512]);
(Hsphere{5.8},0.5840912[-6.250783,18.75408,-8.313581]);
(Hsphere{5.8},0.5849915[-6.691452,18.90549,-7.780245]);
(Hsphere{5.8},0.5870209[-6.863934,18.96585,-7.559806]);
(Hsphere{5.8},0.5879211[-7.251106,19.10329,-7.036183]);
(Hsphere{5.8},0.5900269[-7.422123,19.16482,-6.790231]);
(Hsphere{5.8},0.5909271[-7.819306,19.30966,-6.176486]);
(Hsphere{5.8},0.5930176[-7.988406,19.37224,-5.893798]);
(Hsphere{5.8},0.5939178[-8.37421,19.52148,-5.192713]);
(Hsphere{5.8},0.5960236[-8.533424,19.58673,-4.876768]);
(Hsphere{5.8},0.5969238[-8.885771,19.74038,-4.10534]);
(Hsphere{5.8},0.5990143[-9.027419,19.80652,-3.759891]);
(Hsphere{5.8},0.5999146[-9.331067,19.95985,-2.923358]);
(Hsphere{5.8},0.6020203[-9.448705,20.0249,-2.551645]);
(Hsphere{5.8},0.6029205[-9.690877,20.1745,-1.653366]);
(Hsphere{5.8},0.6053009[-9.778819,20.23681,-1.259369]);
(Hsphere{5.8},0.6061859[-9.962234,20.39528,-0.1966828]);
(Hsphere{5.8},0.6082916[-10.01302,20.45324,0.2164691]);
(Hsphere{5.8},0.6091919[-10.09193,20.58259,1.218071]);
(Hsphere{5.8},0.6110382[-10.10544,20.63486,1.660381]);
(Hsphere{5.8},0.6119385[-10.09138,20.73524,2.583586]);
(Hsphere{5.8},0.6141815[-10.06311,20.78088,3.040932]);
(Hsphere{5.8},0.6150818[-9.929576,20.88406,4.185286]);
(Hsphere{5.8},0.6171722[-9.850627,20.92112,4.642607]);
(Hsphere{5.8},0.6180725[-9.612965,20.99767,5.689837]);
(Hsphere{5.8},0.6203461[-9.488498,21.02662,6.13062]);
(Hsphere{5.8},0.6212463[-9.121824,21.08983,7.203657]);
(Hsphere{5.8},0.6231842[-8.95759,21.11145,7.611698]);
(Hsphere{5.8},0.6240845[-8.5626,21.14669,8.473584]);
(Hsphere{5.8},0.6262207[-8.359895,21.15691,8.865731]);
(Hsphere{5.8},0.627121[-7.832702,21.16693,9.769273]);
(Hsphere{5.8},0.6291809[-7.592556,21.16567,10.13624]);
(Hsphere{5.8},0.6300812[-7.009418,21.15219,10.9375]);
(Hsphere{5.8},0.6322937[-6.74207,21.14231,11.2691]);
(Hsphere{5.8},0.633194[-6.061025,21.11011,12.03134]);
(Hsphere{5.8},0.6351166[-5.778621,21.09471,12.31736]);
(Hsphere{5.8},0.6360168[-5.170356,21.0595,12.88252]);
(Hsphere{5.8},0.6381989[-4.888522,21.04289,13.12326]);
(Hsphere{5.8},0.6390991[-4.214081,20.99961,13.65117]);
(Hsphere{5.8},0.6429291[-3.934577,20.97869,13.85143]);
(Hsphere{5.8},0.6438293[-2.75755,20.87356,14.58878]);
(Hsphere{5.8},0.6461792[-2.487889,20.846,14.73549]);
(Hsphere{5.8},0.6470795[-1.799718,20.77041,15.07553]);
(Hsphere{5.8},0.6491394[-1.544926,20.7406,15.18944]);
(Hsphere{5.8},0.6500397[-0.9834331,20.67158,15.41872]);
(Hsphere{5.8},0.6522827[-0.7477785,20.64125,15.50633]);
(Hsphere{5.8},0.653183[-0.1932886,20.567,15.69325]);
(Hsphere{5.8},0.655304[0.01614077,20.53865,15.75718]);
(Hsphere{5.8},0.6562042[0.4798776,20.47622,15.88603]);
(Hsphere{5.8},0.6581573[0.6641839,20.45157,15.93236]);
(Hsphere{5.8},0.6590576[1.042948,20.40117,16.0187]);
(Hsphere{5.8},0.6612244[1.207032,20.37943,16.05229]);
(Hsphere{5.8},0.6621246[1.578458,20.33023,16.11939]);
(Hsphere{5.8},0.6643066[1.725069,20.31074,16.14226]);
(Hsphere{5.8},0.6652069[2.06414,20.26513,16.1866]);
(Hsphere{5.8},0.6672974[2.197503,20.24683,16.2005]);
(Hsphere{5.8},0.6681976[2.495947,20.20502,16.2235]);
(Hsphere{5.8},0.670166[2.61871,20.18855,16.22937]);
(Hsphere{5.8},0.6710663[2.873866,20.1572,16.23418]);
(Hsphere{5.8},0.6732483[2.985129,20.14487,16.23297]);
(Hsphere{5.8},0.6741486[3.241712,20.11988,16.22176]);
(Hsphere{5.8},0.6762543[3.341713,20.11158,16.21397]);
(Hsphere{5.8},0.6771545[3.564152,20.09634,16.189]);
(Hsphere{5.8},0.6793823[3.654398,20.09153,16.1756]);
(Hsphere{5.8},0.6802826[3.865973,20.08367,16.13595]);
(Hsphere{5.8},0.6824036[3.947368,20.08201,16.11733]);
(Hsphere{5.8},0.6833038[4.127317,20.0811,16.06805]);
(Hsphere{5.8},0.6851807[4.196885,20.08179,16.04505]);
(Hsphere{5.8},0.6860809[4.336145,20.08547,15.99262]);
(Hsphere{5.8},0.6882629[4.400052,20.08823,15.96548]);
(Hsphere{5.8},0.6891632[4.548546,20.09727,15.89414]);
(Hsphere{5.8},0.6912689[4.607377,20.10189,15.86243]);
(Hsphere{5.8},0.6921692[4.740438,20.11452,15.78283]);
(Hsphere{5.8},0.6944275[4.795472,20.1206,15.74653]);
(Hsphere{5.8},0.6953278[4.929263,20.13739,15.64951]);
(Hsphere{5.8},0.6971893[4.981504,20.14467,15.6081]);
(Hsphere{5.8},0.6980896[5.088377,20.16071,15.51703]);
(Hsphere{5.8},0.7003021[5.138237,20.16906,15.47113]);
(Hsphere{5.8},0.7012024[5.254117,20.1921,15.35388]);
(Hsphere{5.8},0.7032776[5.298932,20.20257,15.30417]);
(Hsphere{5.8},0.7041779[5.397388,20.2291,15.18541]);
(Hsphere{5.8},0.7062836[5.43792,20.24159,15.13235]);
(Hsphere{5.8},0.7071838[5.528033,20.27304,15.00474]);
(Hsphere{5.8},0.7092743[5.564772,20.28745,14.94859]);
(Hsphere{5.8},0.7101746[5.646155,20.32288,14.81499]);
(Hsphere{5.8},0.712616[5.679632,20.33893,14.75614]);
(Hsphere{5.8},0.7135162[5.768054,20.38432,14.59251]);
(Hsphere{5.8},0.7153015[5.801713,20.40093,14.53108]);
(Hsphere{5.8},0.7162018[5.866847,20.4336,14.40746]);
(Hsphere{5.8},0.7182007[5.899116,20.44987,14.34407]);
(Hsphere{5.8},0.719101[5.969859,20.48526,14.20074]);
(Hsphere{5.8},0.7213287[6.001225,20.50061,14.13557]);
(Hsphere{5.8},0.722229[6.07805,20.53659,13.9729]);
(Hsphere{5.8},0.72435[6.109152,20.55025,13.90624]);
(Hsphere{5.8},0.7252502[6.182835,20.57981,13.74786]);
(Hsphere{5.8},0.7274628[6.214436,20.59107,13.68016]);
}
