choptl:3{
(Hsphere{8.200001},0.5733032[0.3625408,30.17158,-20.31999]);
(Hsphere{8.200001},0.578186[-1.183767,31.27454,-19.3466]);
(Hsphere{8.200001},0.5831909[-2.752098,32.24904,-18.2679]);
(Hsphere{8.200001},0.5882568[-4.288768,33.14699,-17.08604]);
(Hsphere{8.200001},0.5928955[-5.964933,34.06442,-15.66499]);
(Hsphere{8.200001},0.5980225[-7.669868,34.94929,-14.03309]);
(Hsphere{8.200001},0.6032715[-9.621938,35.95288,-11.75435]);
(Hsphere{8.200001},0.607605[-11.59819,37.05071,-8.652441]);
(Hsphere{8.200001},0.6132813[-13.01888,38.03461,-5.271879]);
(Hsphere{8.200001},0.6173706[-14.04017,39.33378,0.6551877]);
(Hsphere{8.200001},0.6223145[-13.65453,40.02451,5.409777]);
(Hsphere{8.200001},0.6271973[-12.00292,40.43286,10.52027]);
(Hsphere{8.200001},0.6321411[-9.305661,40.34593,15.00595]);
(Hsphere{8.200001},0.6370239[-5.93062,39.82678,18.52943]);
(Hsphere{8.200001},0.6421509[-2.807368,39.18973,20.6951]);
(Hsphere{8.200001},0.6467896[-0.2963513,38.66422,21.89789]);
(Hsphere{8.200001},0.6516724[1.418224,38.31808,22.48052]);
(Hsphere{8.200001},0.6566772[2.844109,38.01803,22.81951]);
(Hsphere{8.200001},0.6622925[3.884969,37.8227,22.96724]);
(Hsphere{8.200001},0.6663818[4.60722,37.73272,23.00175]);
(Hsphere{8.200001},0.6719971[5.018868,37.63455,22.99275]);
(Hsphere{8.200001},0.6762695[5.523164,37.40974,22.94505]);
(Hsphere{8.200001},0.6810913[5.839632,37.2194,22.8767]);
(Hsphere{8.200001},0.6862793[6.168434,36.988,22.76246]);
(Hsphere{8.200001},0.690918[6.493208,36.73642,22.59413]);
(Hsphere{8.200001},0.6962891[6.745845,36.519,22.40373]);
(Hsphere{8.200001},0.7011108[7.01286,36.28276,22.13481]);
(Hsphere{8.200001},0.7056274[7.242773,36.08039,21.85849]);
(Hsphere{8.200001},0.7105103[7.442272,35.89332,21.58661]);
(Hsphere{8.200001},0.7155762[7.652936,35.68696,21.27368]);
(Hsphere{8.200001},0.7202759[7.885879,35.4679,20.9361]);
(Hsphere{8.200001},0.7252197[8.120946,35.25371,20.60541]);
(Hsphere{8.200001},0.7301025[8.381649,35.02154,20.25067]);
}
