choptr:3{
(Hsphere{8.200001},0.5726929[4.025268,33.0861,-17.20171]);
(Hsphere{8.200001},0.5776062[5.313965,34.0092,-15.86169]);
(Hsphere{8.200001},0.5830994[6.6181,34.82403,-14.40955]);
(Hsphere{8.200001},0.5874023[8.080053,35.59003,-12.63648]);
(Hsphere{8.200001},0.5931091[9.203696,36.16587,-11.08592]);
(Hsphere{8.200001},0.5971985[10.58488,37.01818,-8.73247]);
(Hsphere{8.200001},0.6021118[11.47244,37.68678,-6.752993]);
(Hsphere{8.200001},0.6070862[12.32528,38.47642,-4.082523]);
(Hsphere{8.200001},0.611908[12.86548,39.21361,-1.04711]);
(Hsphere{8.200001},0.6174316[13.00225,39.8139,2.219864]);
(Hsphere{8.200001},0.6217041[12.55838,40.2923,6.129334]);
(Hsphere{8.200001},0.6274414[11.78134,40.48843,9.003938]);
(Hsphere{8.200001},0.6315002[10.19825,40.49084,12.63248]);
(Hsphere{8.200001},0.6364136[8.743509,40.32115,14.96686]);
(Hsphere{8.200001},0.6412964[6.81648,40.00668,17.30253]);
(Hsphere{8.200001},0.6464233[4.845316,39.62599,19.12728]);
(Hsphere{8.200001},0.6510925[2.798331,39.17368,20.59389]);
(Hsphere{8.200001},0.6564331[1.061523,38.76556,21.56091]);
(Hsphere{8.200001},0.661438[-0.6546147,38.36369,22.29949]);
(Hsphere{8.200001},0.665802[-1.993973,38.05282,22.73668]);
(Hsphere{8.200001},0.6707153[-2.993241,37.79988,22.98556]);
(Hsphere{8.200001},0.6755981[-3.964279,37.52012,23.15362]);
(Hsphere{8.200001},0.6805115[-4.770772,37.28032,23.21061]);
(Hsphere{8.200001},0.6856689[-5.437259,37.072,23.17764]);
(Hsphere{8.200001},0.6903076[-6.002907,36.86889,23.06419]);
(Hsphere{8.200001},0.6951904[-6.42978,36.68623,22.90369]);
(Hsphere{8.200001},0.7006836[-6.833614,36.47646,22.67838]);
(Hsphere{8.200001},0.7050171[-7.251873,36.20916,22.36223]);
(Hsphere{8.200001},0.7098999[-7.551409,35.98659,22.07297]);
(Hsphere{8.200001},0.7148132[-7.869705,35.72247,21.70539]);
(Hsphere{8.200001},0.7197266[-8.178732,35.44758,21.30128]);
(Hsphere{8.200001},0.7246094[-8.508015,35.15445,20.86247]);
(Hsphere{8.200001},0.7297363[-8.842334,34.85065,20.40828]);
}
