chopr:3{
(Hsphere{8.200001},0.5654449[3.794923,26.39323,-17.81295]);
(Hsphere{8.200001},0.567337[4.131456,26.49813,-17.5741]);
(Hsphere{8.200001},0.5682373[4.83364,26.72025,-17.05483]);
(Hsphere{8.200001},0.5704346[5.163322,26.82545,-16.80107]);
(Hsphere{8.200001},0.5713348[5.963026,27.08101,-16.15795]);
(Hsphere{8.200001},0.572876[6.292049,27.18565,-15.88148]);
(Hsphere{8.200001},0.5737762[6.860288,27.36476,-15.38657]);
(Hsphere{8.200001},0.5754242[7.192747,27.46824,-15.08616]);
(Hsphere{8.200001},0.5763245[7.80622,27.65601,-14.50896]);
(Hsphere{8.200001},0.5780182[8.14344,27.75796,-14.17779]);
(Hsphere{8.200001},0.5789185[8.766935,27.95178,-13.53436]);
(Hsphere{8.200001},0.5811005[9.09477,28.05655,-13.17848]);
(Hsphere{8.200001},0.5820007[9.876146,28.31359,-12.27576]);
(Hsphere{8.200001},0.5837555[10.19366,28.42081,-11.88462]);
(Hsphere{8.200001},0.5846558[10.80411,28.63123,-11.0873]);
(Hsphere{8.200001},0.5863953[11.11262,28.73969,-10.65901]);
(Hsphere{8.200001},0.5872955[11.70131,28.95069,-9.786755]);
(Hsphere{8.200001},0.5888977[11.99892,29.05951,-9.314313]);
(Hsphere{8.200001},0.5897827[12.51503,29.25216,-8.435048]);
(Hsphere{8.200001},0.5914001[12.79878,29.36058,-7.91357]);
(Hsphere{8.200001},0.5923004[13.289,29.55331,-6.933637]);
(Hsphere{8.200001},0.5941162[13.55445,29.66232,-6.352011]);
(Hsphere{8.200001},0.5950165[14.0603,29.88395,-5.108271]);
(Hsphere{8.200001},0.5975494[14.29282,29.99417,-4.456048]);
(Hsphere{8.200001},0.5984497[14.85419,30.29783,-2.525851]);
(Hsphere{8.200001},0.6005402[15.01627,30.4027,-1.807594]);
(Hsphere{8.200001},0.6014404[15.30574,30.63811,-0.08063485]);
(Hsphere{8.200001},0.6036835[15.38892,30.73436,0.6773224]);
(Hsphere{8.200001},0.6045837[15.48188,30.95899,2.586404]);
(Hsphere{8.200001},0.6064606[15.47218,31.04351,3.363251]);
(Hsphere{8.200001},0.6073608[15.36336,31.20826,4.993975]);
(Hsphere{8.200001},0.6095886[15.26914,31.27793,5.786575]);
(Hsphere{8.200001},0.6104889[14.89998,31.41917,7.793796]);
(Hsphere{8.200001},0.6125641[14.69388,31.46326,8.610918]);
(Hsphere{8.200001},0.6134644[14.09481,31.53668,10.47483]);
(Hsphere{8.200001},0.6156769[13.78226,31.55679,11.26783]);
(Hsphere{8.200001},0.6165771[12.89488,31.57861,13.13876]);
(Hsphere{8.200001},0.6185608[12.49105,31.57759,13.86084]);
(Hsphere{8.200001},0.6194611[11.52871,31.55946,15.36094]);
(Hsphere{8.200001},0.6216736[11.07383,31.54601,15.98544]);
(Hsphere{8.200001},0.6225739[9.932626,31.50607,17.37182]);
(Hsphere{8.200001},0.6245575[9.454954,31.48425,17.88809]);
(Hsphere{8.200001},0.6254578[8.372831,31.42014,18.94184]);
(Hsphere{8.200001},0.6277008[7.868098,31.38469,19.38478]);
(Hsphere{8.200001},0.6286011[6.59309,31.2837,20.38504]);
(Hsphere{8.200001},0.6305695[6.079011,31.23948,20.74492]);
(Hsphere{8.200001},0.6314697[4.955915,31.13857,21.4537]);
(Hsphere{8.200001},0.6335754[4.453564,31.09232,21.73878]);
(Hsphere{8.200001},0.6344757[3.314253,30.98742,22.31822]);
(Hsphere{8.200001},0.636795[2.84572,30.94522,22.53105]);
(Hsphere{8.200001},0.6376953[1.711922,30.84929,22.98927]);
(Hsphere{8.200001},0.6395874[1.301457,30.81775,23.13633]);
(Hsphere{8.200001},0.6404877[0.4887606,30.76072,23.39911]);
(Hsphere{8.200001},0.6427917[0.1291057,30.73776,23.50358]);
(Hsphere{8.200001},0.6450958[-0.721955,30.6884,23.72223]);
(Hsphere{8.200001},0.6459961[-1.492393,30.64767,23.88529]);
(Hsphere{8.200001},0.6476288[-1.770936,30.63302,23.93585]);
(Hsphere{8.200001},0.6485291[-2.247126,30.60661,24.01153]);
(Hsphere{8.200001},0.6506195[-2.498126,30.59129,24.04572]);
(Hsphere{8.200001},0.6515198[-3.0508,30.55127,24.10607]);
(Hsphere{8.200001},0.6536102[-3.277111,30.5312,24.12442]);
(Hsphere{8.200001},0.6545105[-3.770653,30.48839,24.15185]);
(Hsphere{8.200001},0.6566925[-3.96868,30.4737,24.15799]);
(Hsphere{8.200001},0.6575928[-4.415812,30.44701,24.16072]);
(Hsphere{8.200001},0.659729[-4.585576,30.43961,24.15738]);
(Hsphere{8.200001},0.6606293[-4.958342,30.42971,24.14066]);
(Hsphere{8.200001},0.6625977[-5.103324,30.4286,24.13028]);
(Hsphere{8.200001},0.6634979[-5.397714,30.43189,24.10162]);
(Hsphere{8.200001},0.6656494[-5.522067,30.43582,24.08604]);
(Hsphere{8.200001},0.6665497[-5.795386,30.45062,24.04341]);
(Hsphere{8.200001},0.6686401[-5.900868,30.45888,24.0234]);
(Hsphere{8.200001},0.6695404[-6.12781,30.48204,23.97222]);
(Hsphere{8.200001},0.6716003[-6.21772,30.49345,23.94842]);
(Hsphere{8.200001},0.6725006[-6.408601,30.52217,23.88988]);
(Hsphere{8.200001},0.6747437[-6.486075,30.53561,23.86256]);
(Hsphere{8.200001},0.6756439[-6.664952,30.57052,23.79012]);
(Hsphere{8.200001},0.6778412[-6.732432,30.58496,23.75895]);
(Hsphere{8.200001},0.6787415[-6.888901,30.6205,23.67746]);
(Hsphere{8.200001},0.6806335[-6.949652,30.63479,23.64206]);
(Hsphere{8.200001},0.6815186[-7.072435,30.66367,23.56369]);
(Hsphere{8.200001},0.6837616[-7.129844,30.67689,23.52386]);
(Hsphere{8.200001},0.6846619[-7.265997,30.70964,23.41971]);
(Hsphere{8.200001},0.6868591[-7.317104,30.72353,23.3762]);
(Hsphere{8.200001},0.6877594[-7.433877,30.7592,23.26608]);
(Hsphere{8.200001},0.6896515[-7.478642,30.7745,23.2195]);
(Hsphere{8.200001},0.6905518[-7.567437,30.80789,23.11905]);
(Hsphere{8.200001},0.6926422[-7.607662,30.82442,23.06973]);
(Hsphere{8.200001},0.6935425[-7.697022,30.86457,22.95106]);
(Hsphere{8.200001},0.695755[-7.733598,30.88238,22.89872]);
(Hsphere{8.200001},0.6966553[-7.819695,30.92752,22.76674]);
(Hsphere{8.200001},0.6986542[-7.853785,30.94658,22.71115]);
(Hsphere{8.200001},0.6995544[-7.927409,30.98906,22.58483]);
(Hsphere{8.200001},0.7017517[-7.959082,31.00747,22.52777]);
(Hsphere{8.200001},0.702652[-8.033762,31.05075,22.38712]);
(Hsphere{8.200001},0.7047119[-8.063395,31.06774,22.32906]);
(Hsphere{8.200001},0.7056122[-8.129553,31.10488,22.19548]);
(Hsphere{8.200001},0.7077026[-8.158159,31.1205,22.13625]);
(Hsphere{8.200001},0.7086029[-8.22433,31.15511,21.99697]);
(Hsphere{8.200001},0.7106781[-8.252795,31.16924,21.9364]);
(Hsphere{8.200001},0.7115784[-8.318941,31.20007,21.7951]);
(Hsphere{8.200001},0.7137909[-8.34811,31.21271,21.7329]);
(Hsphere{8.200001},0.7146912[-8.421762,31.24136,21.57776]);
(Hsphere{8.200001},0.7166748[-8.452673,31.25182,21.51382]);
(Hsphere{8.200001},0.7175751[-8.522944,31.27244,21.37091]);
(Hsphere{8.200001},0.7196808[-8.555717,31.28064,21.30536]);
(Hsphere{8.200001},0.7205811[-8.634828,31.29701,21.14966]);
(Hsphere{8.200001},0.7228241[-8.669583,31.30279,21.08233]);
(Hsphere{8.200001},0.7237244[-8.758637,31.31399,20.91242]);
(Hsphere{8.200001},0.7256927[-8.795479,31.31723,20.84312]);
(Hsphere{8.200001},0.726593[-8.878201,31.32173,20.68941]);
(Hsphere{8.200001},0.7286835[-8.916969,31.32263,20.61817]);
}
