choptr:5{
(Hsphere{13},0.5733032[6.967078,55.27073,-28.41048]);
(Hsphere{13},0.578186[9.11235,56.78846,-26.15932]);
(Hsphere{13},0.5831299[11.29044,58.12062,-23.71486]);
(Hsphere{13},0.5880737[13.46622,59.25122,-21.06147]);
(Hsphere{13},0.5930786[15.60731,60.35727,-18.07247]);
(Hsphere{13},0.5977783[17.63726,61.62882,-14.5624]);
(Hsphere{13},0.6030273[19.31268,62.90533,-10.75352]);
(Hsphere{13},0.607605[20.75434,64.30022,-5.909076]);
(Hsphere{13},0.6127319[21.49806,65.40287,-1.21316]);
(Hsphere{13},0.6174316[21.63088,66.43755,4.675402]);
(Hsphere{13},0.6223145[20.9396,67.08455,10.17096]);
(Hsphere{13},0.6271973[19.4152,67.44024,15.63599]);
(Hsphere{13},0.6320801[17.12908,67.42966,20.80813]);
(Hsphere{13},0.637085[14.19988,67.08164,25.45799]);
(Hsphere{13},0.6420288[10.92419,66.53533,29.28768]);
(Hsphere{13},0.6470337[7.616663,65.8812,32.24598]);
(Hsphere{13},0.6516724[4.306831,65.1417,34.54334]);
(Hsphere{13},0.6571045[1.430309,64.46341,36.09883]);
(Hsphere{13},0.661499[-1.399752,63.80315,37.27847]);
(Hsphere{13},0.6671143[-3.338957,63.3524,37.89889]);
(Hsphere{13},0.6713257[-5.442898,62.8061,38.40283]);
(Hsphere{13},0.6762085[-6.78087,62.41732,38.60964]);
(Hsphere{13},0.6810913[-8.094931,62.02494,38.68506]);
(Hsphere{13},0.6859741[-9.180939,61.68256,38.61423]);
(Hsphere{13},0.690918[-10.05603,61.36267,38.42508]);
(Hsphere{13},0.696228[-10.79988,61.03884,38.133]);
(Hsphere{13},0.7006836[-11.52219,60.65066,37.70842]);
(Hsphere{13},0.7056274[-12.0855,60.28403,37.27123]);
(Hsphere{13},0.7112427[-12.65064,59.86096,36.71875]);
(Hsphere{13},0.7153931[-13.25254,59.35229,36.00223]);
(Hsphere{13},0.7202759[-13.69466,58.95772,35.41801]);
(Hsphere{13},0.7252197[-14.24324,58.46877,34.68579]);
(Hsphere{13},0.7301025[-14.80392,57.95752,33.92179]);
}
