choptl:1{
(Hsphere{3.4},0.572937[0.09732947,10.1398,-6.759467]);
(Hsphere{3.4},0.5786743[-0.3562512,10.46413,-6.474241]);
(Hsphere{3.4},0.5827637[-0.9633766,10.84238,-6.055674]);
(Hsphere{3.4},0.5876465[-1.384298,11.08846,-5.731763]);
(Hsphere{3.4},0.5925293[-1.915372,11.38127,-5.286299]);
(Hsphere{3.4},0.5975342[-2.510752,11.6915,-4.72496]);
(Hsphere{3.4},0.6025391[-3.144249,12.01662,-4.000371]);
(Hsphere{3.4},0.6078491[-3.774714,12.36098,-3.052365]);
(Hsphere{3.4},0.6121216[-4.363283,12.76303,-1.682549]);
(Hsphere{3.4},0.6170654[-4.654685,13.09723,-0.2084557]);
(Hsphere{3.4},0.6219482[-4.576575,13.39076,1.66641]);
(Hsphere{3.4},0.6268311[-4.053719,13.53802,3.389419]);
(Hsphere{3.4},0.6317139[-3.175941,13.52146,4.903842]);
(Hsphere{3.4},0.6368408[-2.068712,13.35797,6.098511]);
(Hsphere{3.4},0.6415405[-0.9623485,13.13408,6.883232]);
(Hsphere{3.4},0.6468506[-0.1842225,12.9709,7.264859]);
(Hsphere{3.4},0.6513672[0.4799431,12.83649,7.495557]);
(Hsphere{3.4},0.6568604[0.9157867,12.7453,7.600296]);
(Hsphere{3.4},0.6611328[1.306033,12.67127,7.656738]);
(Hsphere{3.4},0.6660156[1.495041,12.64836,7.666857]);
(Hsphere{3.4},0.6709595[1.66095,12.61419,7.664741]);
(Hsphere{3.4},0.6759033[1.811964,12.55033,7.652635]);
(Hsphere{3.4},0.6809082[1.937956,12.47733,7.627899]);
(Hsphere{3.4},0.6856689[2.051639,12.39786,7.589359]);
(Hsphere{3.4},0.6905518[2.152134,12.3208,7.53904]);
(Hsphere{3.4},0.6954346[2.242353,12.24376,7.473327]);
(Hsphere{3.4},0.7006836[2.324013,12.17138,7.393486]);
(Hsphere{3.4},0.7052612[2.407505,12.09818,7.29482]);
(Hsphere{3.4},0.7109985[2.475496,12.03472,7.203038]);
(Hsphere{3.4},0.7150269[2.558067,11.95384,7.080366]);
(Hsphere{3.4},0.7199707[2.620381,11.89543,6.990372]);
(Hsphere{3.4},0.7249756[2.701375,11.82155,6.876284]);
(Hsphere{3.4},0.7297363[2.789688,11.74277,6.755795]);
}
