chopr:2{
(Hsphere{5.8},0.5664368[2.750731,17.70562,-11.67087]);
(Hsphere{5.8},0.568512[2.972949,17.77569,-11.50846]);
(Hsphere{5.8},0.5694122[3.479006,17.93689,-11.12244]);
(Hsphere{5.8},0.5714417[3.698113,18.00696,-10.94814]);
(Hsphere{5.8},0.5723419[4.194589,18.16516,-10.53631]);
(Hsphere{5.8},0.5745087[4.414664,18.23466,-10.34585]);
(Hsphere{5.8},0.5754089[4.949219,18.40079,-9.861133]);
(Hsphere{5.8},0.5775299[5.173261,18.46902,-9.647882]);
(Hsphere{5.8},0.5784302[5.698429,18.62983,-9.120231]);
(Hsphere{5.8},0.5805359[5.918103,18.69933,-8.886273]);
(Hsphere{5.8},0.5814362[6.423634,18.86406,-8.314552]);
(Hsphere{5.8},0.5835266[6.636512,18.9353,-8.058481]);
(Hsphere{5.8},0.5844269[7.123745,19.10225,-7.433034]);
(Hsphere{5.8},0.5869598[7.329977,19.17451,-7.149728]);
(Hsphere{5.8},0.5878601[7.896373,19.37803,-6.30287]);
(Hsphere{5.8},0.5895538[8.09298,19.45056,-5.981023]);
(Hsphere{5.8},0.5904541[8.456451,19.58776,-5.338634]);
(Hsphere{5.8},0.5930176[8.642566,19.65988,-4.981336]);
(Hsphere{5.8},0.5939178[9.145546,19.86586,-3.886198]);
(Hsphere{5.8},0.5955048[9.310699,19.93919,-3.470714]);
(Hsphere{5.8},0.596405[9.581215,20.06876,-2.69931]);
(Hsphere{5.8},0.5985565[9.718894,20.1411,-2.245917]);
(Hsphere{5.8},0.5994568[9.994652,20.30908,-1.121287]);
(Hsphere{5.8},0.6015778[10.08611,20.37732,-0.632073]);
(Hsphere{5.8},0.602478[10.23844,20.53177,0.5566539]);
(Hsphere{5.8},0.6046906[10.27394,20.59349,1.06784]);
(Hsphere{5.8},0.6055908[10.28494,20.73513,2.334324]);
(Hsphere{5.8},0.6074982[10.25776,20.78876,2.85306]);
(Hsphere{5.8},0.6083984[10.14049,20.89112,3.965501]);
(Hsphere{5.8},0.6123047[10.05387,20.93203,4.503018]);
(Hsphere{5.8},0.613205[9.42545,21.0523,6.855808]);
(Hsphere{5.8},0.6155701[9.223026,21.06706,7.38704]);
(Hsphere{5.8},0.6164703[8.596136,21.08489,8.735577]);
(Hsphere{5.8},0.6187592[8.32844,21.08457,9.218764]);
(Hsphere{5.8},0.6196594[7.593541,21.07047,10.35961]);
(Hsphere{5.8},0.6217041[7.289025,21.06117,10.77104]);
(Hsphere{5.8},0.6226044[6.581887,21.03616,11.62247]);
(Hsphere{5.8},0.6247253[6.26314,21.02149,11.9661]);
(Hsphere{5.8},0.6256256[5.490354,20.97506,12.71311]);
(Hsphere{5.8},0.6276398[5.153182,20.95099,13.00538]);
(Hsphere{5.8},0.62854[4.390059,20.8903,13.60153]);
(Hsphere{5.8},0.6307526[4.047322,20.86091,13.84249]);
(Hsphere{5.8},0.6316528[3.207191,20.78534,14.37042]);
(Hsphere{5.8},0.6335907[2.873251,20.75453,14.55738]);
(Hsphere{5.8},0.634491[2.176394,20.69041,14.90908]);
(Hsphere{5.8},0.6367645[1.864134,20.66231,15.05077]);
(Hsphere{5.8},0.6376648[1.121224,20.59943,15.35109]);
(Hsphere{5.8},0.63974[0.8472753,20.57834,15.44942]);
(Hsphere{5.8},0.6406403[0.259155,20.53723,15.63881]);
(Hsphere{5.8},0.6426697[0.02099835,20.52217,15.70723]);
(Hsphere{5.8},0.6435699[-0.4811611,20.49309,15.83604]);
(Hsphere{5.8},0.6457825[-0.688473,20.48191,15.88309]);
(Hsphere{5.8},0.6466827[-1.164674,20.45695,15.97734]);
(Hsphere{5.8},0.6488495[-1.344991,20.44726,16.00785]);
(Hsphere{5.8},0.6497498[-1.750983,20.42307,16.06549]);
(Hsphere{5.8},0.6516571[-1.910915,20.41191,16.08374]);
(Hsphere{5.8},0.6525574[-2.236698,20.38448,16.11243]);
(Hsphere{5.8},0.6548157[-2.381524,20.37141,16.12151]);
(Hsphere{5.8},0.6557159[-2.717665,20.34539,16.13402]);
(Hsphere{5.8},0.6578064[-2.842072,20.33756,16.13544]);
(Hsphere{5.8},0.6587067[-3.110049,20.32475,16.13197]);
(Hsphere{5.8},0.6606903[-3.21697,20.3214,16.12789]);
(Hsphere{5.8},0.6615906[-3.436205,20.31834,16.11413]);
(Hsphere{5.8},0.6636963[-3.528089,20.31879,16.10596]);
(Hsphere{5.8},0.6645966[-3.726014,20.32384,16.08284]);
(Hsphere{5.8},0.6667938[-3.804182,20.32756,16.07134]);
(Hsphere{5.8},0.6676941[-3.980428,20.34016,16.03956]);
(Hsphere{5.8},0.6698608[-4.046532,20.34657,16.0252]);
(Hsphere{5.8},0.6707611[-4.193127,20.36436,15.98769]);
(Hsphere{5.8},0.6727295[-4.249434,20.3726,15.97086]);
(Hsphere{5.8},0.6736298[-4.364081,20.39193,15.9316]);
(Hsphere{5.8},0.6757355[-4.413095,20.40122,15.91249]);
(Hsphere{5.8},0.6766357[-4.520511,20.42356,15.86493]);
(Hsphere{5.8},0.6788483[-4.56385,20.43325,15.84329]);
(Hsphere{5.8},0.6797485[-4.665395,20.45688,15.78641]);
(Hsphere{5.8},0.6818085[-4.704901,20.46621,15.7618]);
(Hsphere{5.8},0.6827087[-4.793126,20.48661,15.70166]);
(Hsphere{5.8},0.6846161[-4.830324,20.49528,15.67395]);
(Hsphere{5.8},0.6855164[-4.904439,20.51458,15.61312]);
(Hsphere{5.8},0.6878967[-4.937233,20.5241,15.58354]);
(Hsphere{5.8},0.6888123[-5.017886,20.5505,15.50276]);
(Hsphere{5.8},0.6907043[-5.047163,20.56125,15.4703]);
(Hsphere{5.8},0.6916046[-5.104052,20.58415,15.4019]);
(Hsphere{5.8},0.6937408[-5.129927,20.59548,15.36833]);
(Hsphere{5.8},0.6946411[-5.188718,20.62348,15.28594]);
(Hsphere{5.8},0.6968079[-5.212412,20.63567,15.25029]);
(Hsphere{5.8},0.6977081[-5.267733,20.66601,15.16171]);
(Hsphere{5.8},0.6997681[-5.289983,20.67883,15.12404]);
(Hsphere{5.8},0.7006683[-5.338555,20.70702,15.03762]);
(Hsphere{5.8},0.7028046[-5.359117,20.71895,14.99936]);
(Hsphere{5.8},0.7037048[-5.406674,20.74632,14.90725]);
(Hsphere{5.8},0.7056274[-5.426121,20.75733,14.86828]);
(Hsphere{5.8},0.7065277[-5.467113,20.77992,14.7841]);
(Hsphere{5.8},0.7087708[-5.486096,20.79002,14.74436]);
(Hsphere{5.8},0.709671[-5.533095,20.8138,14.64465]);
(Hsphere{5.8},0.7118988[-5.55217,20.82286,14.60389]);
(Hsphere{5.8},0.7127991[-5.600115,20.84398,14.50163]);
(Hsphere{5.8},0.7147827[-5.619937,20.85194,14.45969]);
(Hsphere{5.8},0.7172241[-5.665027,20.86786,14.36591]);
(Hsphere{5.8},0.7197723[-5.722963,20.88429,14.24852]);
(Hsphere{5.8},0.7206726[-5.786488,20.89768,14.12332]);
(Hsphere{5.8},0.7227936[-5.8097,20.90147,14.07839]);
(Hsphere{5.8},0.7236938[-5.866164,20.90855,13.9707]);
(Hsphere{5.8},0.7257538[-5.890715,20.91071,13.92451]);
(Hsphere{5.8},0.7266541[-5.948586,20.91384,13.81699]);
(Hsphere{5.8},0.7287598[-5.974458,20.91439,13.76947]);
}
