chopl:3{
(Hsphere{8.200001},0.5649261[-3.523445,26.26005,-17.80446]);
(Hsphere{8.200001},0.5686951[-3.846047,26.3554,-17.57344]);
(Hsphere{8.200001},0.5709534[-5.1492,26.75594,-16.575]);
(Hsphere{8.200001},0.5730438[-5.900682,26.99325,-15.94887]);
(Hsphere{8.200001},0.5739441[-6.588923,27.2104,-15.34007]);
(Hsphere{8.200001},0.5760345[-6.883213,27.30234,-15.06863]);
(Hsphere{8.200001},0.5769348[-7.563738,27.51118,-14.41318]);
(Hsphere{8.200001},0.5790253[-7.851772,27.59984,-14.12385]);
(Hsphere{8.200001},0.5799255[-8.500117,27.80561,-13.44601]);
(Hsphere{8.200001},0.582016[-8.771253,27.89412,-13.15071]);
(Hsphere{8.200001},0.5829163[-9.391098,28.10138,-12.44583]);
(Hsphere{8.200001},0.5850372[-9.653048,28.19083,-12.13399]);
(Hsphere{8.200001},0.5859375[-10.26161,28.40243,-11.37179]);
(Hsphere{8.200001},0.5880432[-10.51952,28.49353,-11.03053]);
(Hsphere{8.200001},0.5889435[-11.12013,28.70864,-10.18492]);
(Hsphere{8.200001},0.5910339[-11.37597,28.8015,-9.799505]);
(Hsphere{8.200001},0.5919342[-11.97006,29.02028,-8.832301]);
(Hsphere{8.200001},0.5940399[-12.22056,29.11539,-8.389746]);
(Hsphere{8.200001},0.5949402[-12.78604,29.34268,-7.300371]);
(Hsphere{8.200001},0.5970459[-13.01717,29.44135,-6.811172]);
(Hsphere{8.200001},0.5979462[-13.52562,29.67337,-5.615209]);
(Hsphere{8.200001},0.6000519[-13.72693,29.77233,-5.083117]);
(Hsphere{8.200001},0.6009521[-14.15421,30.00148,-3.793271]);
(Hsphere{8.200001},0.6029663[-14.31642,30.09791,-3.223632]);
(Hsphere{8.200001},0.6038666[-14.63065,30.30932,-1.911196]);
(Hsphere{8.200001},0.6060638[-14.74736,30.40113,-1.311128]);
(Hsphere{8.200001},0.6069641[-14.96664,30.61737,0.1847445]);
(Hsphere{8.200001},0.6092072[-15.03129,30.70238,0.8149757]);
(Hsphere{8.200001},0.6101074[-15.11638,30.90245,2.441026]);
(Hsphere{8.200001},0.6120911[-15.1171,30.97781,3.114012]);
(Hsphere{8.200001},0.6129913[-15.04465,31.13252,4.624665]);
(Hsphere{8.200001},0.6150818[-14.97723,31.19683,5.313681]);
(Hsphere{8.200001},0.6159821[-14.73722,31.33153,6.906652]);
(Hsphere{8.200001},0.6181183[-14.59793,31.38348,7.587812]);
(Hsphere{8.200001},0.6190186[-14.18288,31.49275,9.181664]);
(Hsphere{8.200001},0.6210785[-13.97683,31.53264,9.83056]);
(Hsphere{8.200001},0.6219788[-13.44257,31.61231,11.26105]);
(Hsphere{8.200001},0.6240997[-13.18286,31.64135,11.86392]);
(Hsphere{8.200001},0.625[-12.49602,31.68652,13.26098]);
(Hsphere{8.200001},0.6270905[-12.17411,31.69635,13.8398]);
(Hsphere{8.200001},0.6279907[-11.36105,31.69973,15.14218]);
(Hsphere{8.200001},0.6300812[-10.98725,31.69361,15.67854]);
(Hsphere{8.200001},0.6309814[-10.07492,31.66468,16.85781]);
(Hsphere{8.200001},0.6331024[-9.665114,31.64687,17.33665]);
(Hsphere{8.200001},0.6340027[-8.67585,31.5959,18.3854]);
(Hsphere{8.200001},0.6360779[-8.25035,31.57173,18.79564]);
(Hsphere{8.200001},0.6369781[-7.270693,31.51421,19.66021]);
(Hsphere{8.200001},0.6391144[-6.851352,31.48908,19.99957]);
(Hsphere{8.200001},0.6400146[-5.854947,31.41869,20.73916]);
(Hsphere{8.200001},0.6421356[-5.436889,31.3849,21.02342]);
(Hsphere{8.200001},0.6430359[-4.462324,31.29739,21.63116]);
(Hsphere{8.200001},0.6451111[-4.053737,31.25731,21.86431]);
(Hsphere{8.200001},0.6460114[-3.126351,31.1595,22.34914]);
(Hsphere{8.200001},0.6481323[-2.735653,31.1156,22.53574]);
(Hsphere{8.200001},0.6490326[-1.849087,31.01037,22.92225]);
(Hsphere{8.200001},0.6510162[-1.484779,30.96494,23.06675]);
(Hsphere{8.200001},0.6519165[-0.7113001,30.86423,23.34702]);
(Hsphere{8.200001},0.6541595[-0.3800375,30.81944,23.45639]);
(Hsphere{8.200001},0.6550598[0.3923764,30.715,23.68811]);
(Hsphere{8.200001},0.6571198[0.6824661,30.676,23.76676]);
(Hsphere{8.200001},0.65802[1.307609,30.59248,23.92062]);
(Hsphere{8.200001},0.6601563[1.564195,30.5584,23.97746]);
(Hsphere{8.200001},0.6610565[2.135195,30.48276,24.09029]);
(Hsphere{8.200001},0.6631622[2.363662,30.45248,24.12991]);
(Hsphere{8.200001},0.6654816[2.872369,30.38466,24.20586]);
(Hsphere{8.200001},0.6681671[3.393585,30.31361,24.26433]);
(Hsphere{8.200001},0.6690674[3.959195,30.23528,24.302]);
(Hsphere{8.200001},0.6711578[4.138066,30.21247,24.30747]);
(Hsphere{8.200001},0.6720581[4.533371,30.16686,24.30751]);
(Hsphere{8.200001},0.6741638[4.694727,30.15034,24.3024]);
(Hsphere{8.200001},0.6750641[5.054349,30.11844,24.27929]);
(Hsphere{8.200001},0.6771393[5.199783,30.10761,24.26497]);
(Hsphere{8.200001},0.6780396[5.519352,30.08855,24.22236]);
(Hsphere{8.200001},0.6801453[5.650816,30.08273,24.2]);
(Hsphere{8.200001},0.6810455[5.942307,30.07442,24.13921]);
(Hsphere{8.200001},0.6830444[6.061511,30.07294,24.10952]);
(Hsphere{8.200001},0.6839447[6.305503,30.07333,24.03666]);
(Hsphere{8.200001},0.6861267[6.407811,30.07513,24.00072]);
(Hsphere{8.200001},0.687027[6.644987,30.08358,23.90512]);
(Hsphere{8.200001},0.6891479[6.738369,30.08862,23.86234]);
(Hsphere{8.200001},0.6900482[6.949984,30.10369,23.7535]);
(Hsphere{8.200001},0.6921539[7.036391,30.11131,23.70397]);
(Hsphere{8.200001},0.6930542[7.232165,30.13167,23.57996]);
(Hsphere{8.200001},0.6951447[7.313394,30.14135,23.52345]);
(Hsphere{8.200001},0.6960449[7.497085,30.16569,23.38408]);
(Hsphere{8.200001},0.6981964[7.574757,30.17694,23.32017]);
(Hsphere{8.200001},0.6990967[7.755632,30.20584,23.15874]);
(Hsphere{8.200001},0.7011719[7.827935,30.21935,23.08805]);
(Hsphere{8.200001},0.7020721[7.987287,30.25425,22.91776]);
(Hsphere{8.200001},0.7041779[8.052588,30.27083,22.84169]);
(Hsphere{8.200001},0.7050781[8.197435,30.3131,22.65834]);
(Hsphere{8.200001},0.7071686[8.256479,30.33271,22.57734]);
(Hsphere{8.200001},0.7080688[8.386933,30.38148,22.38417]);
(Hsphere{8.200001},0.7101898[8.440535,30.40385,22.29872]);
(Hsphere{8.200001},0.7110901[8.561392,30.45962,22.09201]);
(Hsphere{8.200001},0.7131653[8.610287,30.48435,22.00261]);
(Hsphere{8.200001},0.7140656[8.723776,30.54235,21.79258]);
(Hsphere{8.200001},0.7162018[8.77379,30.56722,21.6998]);
(Hsphere{8.200001},0.7171021[8.889421,30.62542,21.47625]);
(Hsphere{8.200001},0.7191925[8.937309,30.64951,21.38029]);
(Hsphere{8.200001},0.7200775[9.046955,30.70367,21.15445]);
(Hsphere{8.200001},0.7221985[9.093755,30.72604,21.05593]);
(Hsphere{8.200001},0.7230988[9.203371,30.77558,20.82202]);
(Hsphere{8.200001},0.7252045[9.250135,30.79517,20.72152]);
(Hsphere{8.200001},0.7261047[9.360596,30.83674,20.48438]);
(Hsphere{8.200001},0.7282257[9.408402,30.85241,20.38253]);
}
