chopl:4{
(Hsphere{10.6},0.5662994[-4.795995,35.00953,-23.6698]);
(Hsphere{10.6},0.5694275[-5.778369,35.30445,-22.94963]);
(Hsphere{10.6},0.5713348[-7.195653,35.74588,-21.83068]);
(Hsphere{10.6},0.5722351[-8.03957,36.0128,-21.11657]);
(Hsphere{10.6},0.574234[-8.434527,36.13757,-20.76922]);
(Hsphere{10.6},0.5751343[-9.311404,36.41204,-19.96597]);
(Hsphere{10.6},0.5773468[-9.702954,36.53267,-19.59206]);
(Hsphere{10.6},0.5782471[-10.64791,36.82301,-18.64891]);
(Hsphere{10.6},0.5803375[-11.02048,36.94089,-18.26118]);
(Hsphere{10.6},0.5812378[-11.86522,37.21573,-17.34539]);
(Hsphere{10.6},0.5833435[-12.2202,37.33413,-16.94384]);
(Hsphere{10.6},0.5842438[-13.03883,37.61307,-15.97414]);
(Hsphere{10.6},0.5863495[-13.38504,37.73323,-15.54331]);
(Hsphere{10.6},0.5872498[-14.18709,38.016,-14.48862]);
(Hsphere{10.6},0.589386[-14.52973,38.13852,-14.01027]);
(Hsphere{10.6},0.5902863[-15.33889,38.43182,-12.79981]);
(Hsphere{10.6},0.5923615[-15.67826,38.55658,-12.25226]);
(Hsphere{10.6},0.5932617[-16.45247,38.84956,-10.89597]);
(Hsphere{10.6},0.5953674[-16.77676,38.97904,-10.27789]);
(Hsphere{10.6},0.5962677[-17.50261,39.28682,-8.757433]);
(Hsphere{10.6},0.5983734[-17.7947,39.41908,-8.078969]);
(Hsphere{10.6},0.5992737[-18.42616,39.72685,-6.431892]);
(Hsphere{10.6},0.6013947[-18.6729,39.85775,-5.699265]);
(Hsphere{10.6},0.6022949[-19.19008,40.16161,-3.913417]);
(Hsphere{10.6},0.6043854[-19.3794,40.28762,-3.134112]);
(Hsphere{10.6},0.6052856[-19.7433,40.57144,-1.283974]);
(Hsphere{10.6},0.6073914[-19.86641,40.69008,-0.4673526]);
(Hsphere{10.6},0.6082916[-20.07584,40.95818,1.50509]);
(Hsphere{10.6},0.6104279[-20.12803,41.06651,2.373801]);
(Hsphere{10.6},0.6113281[-20.14963,41.30698,4.484525]);
(Hsphere{10.6},0.6134033[-20.11275,41.40145,5.394816]);
(Hsphere{10.6},0.6143036[-19.91783,41.60141,7.513052]);
(Hsphere{10.6},0.616394[-19.78521,41.67993,8.431179]);
(Hsphere{10.6},0.6172943[-19.36525,41.84339,10.54823]);
(Hsphere{10.6},0.6194[-19.13902,41.9054,11.44129]);
(Hsphere{10.6},0.6203003[-18.51037,42.03246,13.47414]);
(Hsphere{10.6},0.6222992[-18.20325,42.07965,14.31242]);
(Hsphere{10.6},0.6231995[-17.44847,42.16764,16.10151]);
(Hsphere{10.6},0.6254425[-17.06774,42.19565,16.89548]);
(Hsphere{10.6},0.6263428[-16.01352,42.23307,18.82602]);
(Hsphere{10.6},0.6282959[-15.54545,42.23605,19.58431]);
(Hsphere{10.6},0.6291962[-14.47256,42.22141,21.14813]);
(Hsphere{10.6},0.6313934[-13.95168,42.20614,21.83428]);
(Hsphere{10.6},0.6322937[-12.62728,42.15088,23.40591]);
(Hsphere{10.6},0.6344299[-12.06803,42.12243,24.00554]);
(Hsphere{10.6},0.6353302[-10.72194,42.04681,25.31866]);
(Hsphere{10.6},0.6374664[-10.15534,42.01347,25.82263]);
(Hsphere{10.6},0.6383667[-8.82327,41.93261,26.90855]);
(Hsphere{10.6},0.6404266[-8.263649,41.89349,27.3265]);
(Hsphere{10.6},0.6413269[-6.995927,41.79242,28.19703]);
(Hsphere{10.6},0.6434174[-6.442579,41.74334,28.54588]);
(Hsphere{10.6},0.6443176[-5.167688,41.61973,29.28275]);
(Hsphere{10.6},0.6464691[-4.631947,41.56371,29.56595]);
(Hsphere{10.6},0.6473694[-3.381624,41.4242,30.16944]);
(Hsphere{10.6},0.6509857[-2.875295,41.36436,30.39188]);
(Hsphere{10.6},0.651886[-0.9647446,41.12188,31.1238]);
(Hsphere{10.6},0.6544342[-0.5225287,41.06209,31.27013]);
(Hsphere{10.6},0.6553345[0.6417969,40.90473,31.61695]);
(Hsphere{10.6},0.6574707[1.024201,40.8534,31.71884]);
(Hsphere{10.6},0.658371[1.877068,40.73958,31.92434]);
(Hsphere{10.6},0.6604309[2.214453,40.69481,31.9972]);
(Hsphere{10.6},0.6613312[2.944628,40.59811,32.1378]);
(Hsphere{10.6},0.6634369[3.246159,40.55815,32.18872]);
(Hsphere{10.6},0.6643372[3.916708,40.46859,32.28571]);
(Hsphere{10.6},0.6664581[4.190059,40.43154,32.31836]);
(Hsphere{10.6},0.6673584[4.810454,40.34547,32.37603]);
(Hsphere{10.6},0.6694794[5.0631,40.31003,32.39235]);
(Hsphere{10.6},0.6703796[5.626823,40.23731,32.41183]);
(Hsphere{10.6},0.6724701[5.854722,40.21067,32.41264]);
(Hsphere{10.6},0.6733704[6.359878,40.15817,32.39859]);
(Hsphere{10.6},0.6754608[6.565358,40.13963,32.38615]);
(Hsphere{10.6},0.6763611[7.016269,40.10522,32.34384]);
(Hsphere{10.6},0.6785126[7.201798,40.09379,32.31996]);
(Hsphere{10.6},0.6794128[7.62412,40.07437,32.24985]);
(Hsphere{10.6},0.6815186[7.791615,40.06937,32.21546]);
(Hsphere{10.6},0.6824036[8.164317,40.06425,32.12392]);
(Hsphere{10.6},0.6844635[8.31059,40.06434,32.08045]);
(Hsphere{10.6},0.6853638[8.622965,40.0696,31.97127]);
(Hsphere{10.6},0.6874847[8.753544,40.07409,31.91911]);
(Hsphere{10.6},0.688385[9.04852,40.0895,31.78552]);
(Hsphere{10.6},0.6905212[9.1685,40.09786,31.72441]);
(Hsphere{10.6},0.6914215[9.442539,40.12159,31.56885]);
(Hsphere{10.6},0.693512[9.554317,40.13309,31.49859]);
(Hsphere{10.6},0.6944122[9.805863,40.1627,31.32501]);
(Hsphere{10.6},0.6964874[9.91172,40.17662,31.24527]);
(Hsphere{10.6},0.6973877[10.15109,40.21101,31.04978]);
(Hsphere{10.6},0.6994934[10.25294,40.22687,30.95993]);
(Hsphere{10.6},0.7003937[10.4799,40.26842,30.74067]);
(Hsphere{10.6},0.7024231[10.57208,40.28821,30.64322]);
(Hsphere{10.6},0.7033234[10.77012,40.33749,30.41536]);
(Hsphere{10.6},0.7054596[10.85358,40.3613,30.31113]);
(Hsphere{10.6},0.7063599[11.04221,40.42274,30.05551]);
(Hsphere{10.6},0.7087097[11.11765,40.45053,29.94488]);
(Hsphere{10.6},0.70961[11.30427,40.52795,29.64856]);
(Hsphere{10.6},0.7115479[11.37238,40.55947,29.53184]);
(Hsphere{10.6},0.7124481[11.51306,40.63036,29.2753]);
(Hsphere{10.6},0.7145233[11.57798,40.6641,29.15402]);
(Hsphere{10.6},0.7154236[11.73201,40.74055,28.86943]);
(Hsphere{10.6},0.717865[11.79727,40.7734,28.74376]);
(Hsphere{10.6},0.7187653[11.97142,40.86086,28.39502]);
(Hsphere{10.6},0.7215729[12.03428,40.89184,28.26506]);
(Hsphere{10.6},0.7224731[12.22885,40.98301,27.85344]);
(Hsphere{10.6},0.7245331[12.2911,41.00998,27.71989]);
(Hsphere{10.6},0.7254333[12.43361,41.06631,27.41358]);
(Hsphere{10.6},0.7274323[12.49691,41.08851,27.27809]);
}
