chopl:6{
(Hsphere{15.4},0.5652771[-6.841721,52.36238,-35.75323]);
(Hsphere{15.4},0.5684509[-7.954274,52.69146,-34.95558]);
(Hsphere{15.4},0.5702209[-10.1478,53.36674,-33.27128]);
(Hsphere{15.4},0.5711365[-11.32608,53.73823,-32.30213]);
(Hsphere{15.4},0.5732422[-11.92234,53.92693,-31.79352]);
(Hsphere{15.4},0.5741577[-13.3246,54.36892,-30.54607]);
(Hsphere{15.4},0.5762329[-13.91295,54.55235,-29.99991]);
(Hsphere{15.4},0.5771484[-15.26668,54.96704,-28.68779]);
(Hsphere{15.4},0.5792236[-15.8397,55.14424,-28.10888]);
(Hsphere{15.4},0.5801086[-17.12256,55.55305,-26.76007]);
(Hsphere{15.4},0.5823364[-17.66321,55.73015,-26.16789]);
(Hsphere{15.4},0.583252[-18.97244,56.16962,-24.66724]);
(Hsphere{15.4},0.5852661[-19.49513,56.34887,-24.03843]);
(Hsphere{15.4},0.5861511[-20.6575,56.75428,-22.56817]);
(Hsphere{15.4},0.5884705[-21.1729,56.93674,-21.87996]);
(Hsphere{15.4},0.589386[-22.49725,57.4125,-19.98691]);
(Hsphere{15.4},0.591217[-23.0082,57.59876,-19.19991]);
(Hsphere{15.4},0.5921021[-24.04455,57.98184,-17.48367]);
(Hsphere{15.4},0.5944519[-24.54379,58.17271,-16.59259]);
(Hsphere{15.4},0.5953674[-25.79211,58.68051,-14.14232]);
(Hsphere{15.4},0.5973816[-26.24721,58.87834,-13.15122]);
(Hsphere{15.4},0.5982666[-27.20717,59.32442,-10.8276]);
(Hsphere{15.4},0.6002502[-27.60176,59.52206,-9.754236]);
(Hsphere{15.4},0.6011658[-28.38828,59.95142,-7.316164]);
(Hsphere{15.4},0.6033325[-28.7065,60.14371,-6.17192]);
(Hsphere{15.4},0.6042175[-29.36135,60.59703,-3.328765]);
(Hsphere{15.4},0.6062317[-29.58223,60.77923,-2.121921]);
(Hsphere{15.4},0.6071167[-29.95961,61.16873,0.6005658]);
(Hsphere{15.4},0.6092529[-30.08292,61.33788,1.866731]);
(Hsphere{15.4},0.6101685[-30.23417,61.71777,4.975406]);
(Hsphere{15.4},0.6123047[-30.23278,61.86803,6.322484]);
(Hsphere{15.4},0.6131897[-30.06104,62.19862,9.578633]);
(Hsphere{15.4},0.6151733[-29.91574,62.32548,10.95715]);
(Hsphere{15.4},0.6160889[-29.44177,62.57867,13.9852]);
(Hsphere{15.4},0.618103[-29.1579,62.68165,15.3459]);
(Hsphere{15.4},0.6190186[-28.36635,62.88753,18.36137]);
(Hsphere{15.4},0.6211853[-27.95438,62.9673,19.65895]);
(Hsphere{15.4},0.6221008[-26.81662,63.1353,22.68698]);
(Hsphere{15.4},0.624115[-26.29202,63.19181,23.89133]);
(Hsphere{15.4},0.6250305[-24.97614,63.27581,26.55155]);
(Hsphere{15.4},0.6266785[-24.33143,63.2952,27.70866]);
(Hsphere{15.4},0.6275635[-23.06524,63.30438,29.76779]);
(Hsphere{15.4},0.6295471[-22.33065,63.29617,30.85466]);
(Hsphere{15.4},0.6304321[-20.62256,63.24965,33.13635]);
(Hsphere{15.4},0.6325073[-19.81289,63.21745,34.11623]);
(Hsphere{15.4},0.6334229[-17.8895,63.12341,36.22819]);
(Hsphere{15.4},0.6356506[-17.04087,63.0765,37.07573]);
(Hsphere{15.4},0.6365356[-14.94175,62.95409,38.98397]);
(Hsphere{15.4},0.6385803[-14.10075,62.90473,39.68136]);
(Hsphere{15.4},0.6394653[-12.20792,62.77749,41.12547]);
(Hsphere{15.4},0.641571[-11.37017,62.71265,41.71287]);
(Hsphere{15.4},0.6424561[-9.439414,62.54541,42.9557]);
(Hsphere{15.4},0.6441956[-8.617534,62.46727,43.44044]);
(Hsphere{15.4},0.6450806[-7.070473,62.30968,44.28559]);
(Hsphere{15.4},0.646698[-6.276236,62.22376,44.68673]);
(Hsphere{15.4},0.6476135[-4.878913,62.06475,45.34095]);
(Hsphere{15.4},0.6511841[-4.1234,61.97478,45.66821]);
(Hsphere{15.4},0.6520996[-1.285331,61.61216,46.74039]);
(Hsphere{15.4},0.653595[-0.6276888,61.52303,46.95507]);
(Hsphere{15.4},0.65448[0.4051975,61.38331,47.26835]);
(Hsphere{15.4},0.6567383[0.9996841,61.30321,47.43555]);
(Hsphere{15.4},0.6576538[2.401471,61.11558,47.79169]);
(Hsphere{15.4},0.6596375[2.922328,61.04628,47.91017]);
(Hsphere{15.4},0.660553[4.009217,60.90223,48.13241]);
(Hsphere{15.4},0.6626282[4.474566,60.84061,48.21679]);
(Hsphere{15.4},0.6635132[5.494584,60.70499,48.37762]);
(Hsphere{15.4},0.665741[5.914752,60.64857,48.43357]);
(Hsphere{15.4},0.666626[6.901427,60.51347,48.53886]);
(Hsphere{15.4},0.6687622[7.287771,60.45905,48.56922]);
(Hsphere{15.4},0.6696472[8.162422,60.34128,48.61216]);
(Hsphere{15.4},0.6716003[8.512804,60.29834,48.61855]);
(Hsphere{15.4},0.6725159[9.236525,60.21818,48.6104]);
(Hsphere{15.4},0.6746521[9.553992,60.18701,48.59716]);
(Hsphere{15.4},0.6755371[10.26575,60.12704,48.54388]);
(Hsphere{15.4},0.6776428[10.55189,60.10709,48.5125]);
(Hsphere{15.4},0.6785583[11.19091,60.07222,48.41955]);
(Hsphere{15.4},0.6807861[11.44934,60.06218,48.3722]);
(Hsphere{15.4},0.6816711[12.05607,60.04863,48.23631]);
(Hsphere{15.4},0.6837769[12.28968,60.04741,48.1739]);
(Hsphere{15.4},0.6846924[12.78225,60.05167,48.01359]);
(Hsphere{15.4},0.6868591[12.98216,60.05694,47.93839]);
(Hsphere{15.4},0.6877441[13.44223,60.07736,47.74097]);
(Hsphere{15.4},0.6898193[13.6253,60.08878,47.65214]);
(Hsphere{15.4},0.6907043[14.02882,60.12072,47.43376]);
(Hsphere{15.4},0.6928406[14.19903,60.13697,47.33166]);
(Hsphere{15.4},0.6937256[14.58856,60.18015,47.07405]);
(Hsphere{15.4},0.6956482[14.74906,60.2003,46.95775]);
(Hsphere{15.4},0.6965637[15.08487,60.24652,46.69427]);
(Hsphere{15.4},0.6986694[15.23928,60.2695,46.56374]);
(Hsphere{15.4},0.6995544[15.58827,60.32787,46.24314]);
(Hsphere{15.4},0.7016907[15.73052,60.3559,46.09998]);
(Hsphere{15.4},0.7025757[16.05024,60.42953,45.74831]);
(Hsphere{15.4},0.704834[16.17855,60.46376,45.59444]);
(Hsphere{15.4},0.7057495[16.48327,60.55743,45.19614]);
(Hsphere{15.4},0.7083435[16.59877,60.59794,45.03207]);
(Hsphere{15.4},0.709259[16.91563,60.72489,44.54074]);
(Hsphere{15.4},0.7113647[17.01891,60.77161,44.36657]);
(Hsphere{15.4},0.7122498[17.24935,60.88589,43.95124]);
(Hsphere{15.4},0.7144775[17.34529,60.93665,43.76971]);
(Hsphere{15.4},0.7153625[17.59377,61.05975,43.31229]);
(Hsphere{15.4},0.7173767[17.69168,61.10902,43.12385]);
(Hsphere{15.4},0.7182922[17.9065,61.21714,42.69594]);
(Hsphere{15.4},0.7203674[18.00116,61.26416,42.50185]);
(Hsphere{15.4},0.721283[18.21934,61.36914,42.04443]);
(Hsphere{15.4},0.7233887[18.31264,61.41189,41.84565]);
(Hsphere{15.4},0.7242737[18.53092,61.50482,41.37709]);
(Hsphere{15.4},0.7264099[18.62503,61.54118,41.17483]);
(Hsphere{15.4},0.7273254[18.85155,61.6176,40.69145]);
}
