choptl:10{
(Hsphere{25},0.5687256[6.080774,96.75261,-70.35195]);
(Hsphere{25},0.5732422[0.8169641,100.6327,-67.50191]);
(Hsphere{25},0.5787354[-3.945993,104.0202,-64.48853]);
(Hsphere{25},0.583252[-9.778746,107.6294,-60.44994]);
(Hsphere{25},0.5880127[-14.44129,110.3441,-56.83593]);
(Hsphere{25},0.5932617[-19.5541,113.1452,-52.50938]);
(Hsphere{25},0.5977783[-26.10302,116.544,-46.21489]);
(Hsphere{25},0.6032715[-31.82145,119.483,-39.51212]);
(Hsphere{25},0.6075439[-38.73909,123.3217,-28.69188]);
(Hsphere{25},0.6132813[-43.39628,126.5537,-17.57293]);
(Hsphere{25},0.618042[-46.80824,130.9333,2.462053]);
(Hsphere{25},0.6223145[-45.0462,133.4325,20.27259]);
(Hsphere{25},0.6273193[-40.00516,134.5483,35.07757]);
(Hsphere{25},0.6320801[-30.79247,134.2337,50.31342]);
(Hsphere{25},0.6369629[-19.84444,132.5419,61.70153]);
(Hsphere{25},0.642334[-9.357692,130.4041,68.98382]);
(Hsphere{25},0.6469727[-0.7484618,128.6034,73.08687]);
(Hsphere{25},0.6517334[4.930655,127.4578,74.99259]);
(Hsphere{25},0.6566162[9.480462,126.4984,76.06503]);
(Hsphere{25},0.6618652[12.91236,125.8526,76.55406]);
(Hsphere{25},0.6663818[15.20698,125.5691,76.67178]);
(Hsphere{25},0.671875[16.72952,125.2202,76.64251]);
(Hsphere{25},0.6761475[18.36603,124.4947,76.49055]);
(Hsphere{25},0.6811523[19.45207,123.8451,76.25938]);
(Hsphere{25},0.6860352[20.56145,123.065,75.87486]);
(Hsphere{25},0.690918[21.59219,122.2692,75.3466]);
(Hsphere{25},0.6958008[22.48615,121.5017,74.67908]);
(Hsphere{25},0.7008057[23.29858,120.7819,73.87013]);
(Hsphere{25},0.7058105[24.09882,120.0795,72.91781]);
(Hsphere{25},0.7104492[24.84184,119.3831,71.90623]);
(Hsphere{25},0.7154541[25.50979,118.7282,70.91225]);
(Hsphere{25},0.7203369[26.26189,118.0204,69.8215]);
(Hsphere{25},0.7252197[27.06983,117.284,68.68468]);
(Hsphere{25},0.7305908[27.93883,116.5101,67.50222]);
}
