chopr:4{
(Hsphere{10.6},0.5653381[5.004511,35.14121,-23.78931]);
(Hsphere{10.6},0.5675964[5.453807,35.28105,-23.47149]);
(Hsphere{10.6},0.5684967[6.564381,35.63246,-22.64862]);
(Hsphere{10.6},0.5704803[7.003569,35.77273,-22.30824]);
(Hsphere{10.6},0.5713806[7.976097,36.08349,-21.52286]);
(Hsphere{10.6},0.5734863[8.414817,36.22298,-21.15366]);
(Hsphere{10.6},0.5743866[9.446232,36.547,-20.24632]);
(Hsphere{10.6},0.5766296[9.891219,36.68449,-19.83653]);
(Hsphere{10.6},0.5775299[11.00486,37.02295,-18.75611]);
(Hsphere{10.6},0.5794678[11.44862,37.16063,-18.29995]);
(Hsphere{10.6},0.580368[12.39504,37.46321,-17.27106]);
(Hsphere{10.6},0.582489[12.82551,37.60464,-16.77557]);
(Hsphere{10.6},0.5833893[13.8246,37.94138,-15.55024]);
(Hsphere{10.6},0.585556[14.24181,38.08534,-15.00369]);
(Hsphere{10.6},0.5864563[15.22535,38.43248,-13.61954]);
(Hsphere{10.6},0.5886688[15.6272,38.57755,-13.00948]);
(Hsphere{10.6},0.5895691[16.58941,38.93352,-11.41929]);
(Hsphere{10.6},0.5914307[16.96978,39.07818,-10.73032]);
(Hsphere{10.6},0.5923309[17.73429,39.3781,-9.211762]);
(Hsphere{10.6},0.594635[18.08773,39.52348,-8.434918]);
(Hsphere{10.6},0.5955353[18.93094,39.89875,-6.305341]);
(Hsphere{10.6},0.5975037[19.22784,40.04467,-5.423339]);
(Hsphere{10.6},0.5984039[19.79325,40.35694,-3.418374]);
(Hsphere{10.6},0.6005859[20.01088,40.49691,-2.461828]);
(Hsphere{10.6},0.6014709[20.41209,40.82275,-0.07243379]);
(Hsphere{10.6},0.6036835[20.52179,40.95092,0.9384096]);
(Hsphere{10.6},0.6045837[20.64254,41.24693,3.456576]);
(Hsphere{10.6},0.6064758[20.62934,41.3596,4.492394]);
(Hsphere{10.6},0.6073761[20.48354,41.57927,6.667966]);
(Hsphere{10.6},0.6096649[20.35758,41.67205,7.724796]);
(Hsphere{10.6},0.6120911[19.84464,41.86508,10.48586]);
(Hsphere{10.6},0.6147003[18.99529,41.99849,13.40482]);
(Hsphere{10.6},0.6156006[17.73753,42.06552,16.44644]);
(Hsphere{10.6},0.6177368[17.23252,42.07202,17.44444]);
(Hsphere{10.6},0.6186371[15.9211,42.05985,19.66877]);
(Hsphere{10.6},0.6205292[15.32881,42.04549,20.54213]);
(Hsphere{10.6},0.6214294[14.03522,42.00425,22.2395]);
(Hsphere{10.6},0.6236877[13.41356,41.98216,22.97073]);
(Hsphere{10.6},0.624588[11.80633,41.90193,24.6548]);
(Hsphere{10.6},0.6265411[11.14135,41.85939,25.2761]);
(Hsphere{10.6},0.6274414[9.664721,41.75058,26.52129]);
(Hsphere{10.6},0.6295776[8.980368,41.69487,27.04173]);
(Hsphere{10.6},0.6304779[7.363636,41.55416,28.14502]);
(Hsphere{10.6},0.6325836[6.685384,41.49258,28.55932]);
(Hsphere{10.6},0.6334839[5.12469,41.34864,29.41368]);
(Hsphere{10.6},0.6356659[4.481828,41.28967,29.72802]);
(Hsphere{10.6},0.6365662[2.999419,41.15855,30.3756]);
(Hsphere{10.6},0.6385345[2.423045,41.11098,30.59992]);
(Hsphere{10.6},0.6394348[1.241421,41.02187,31.01428]);
(Hsphere{10.6},0.6415558[0.7372293,40.98734,31.17296]);
(Hsphere{10.6},0.6424561[-0.3697564,40.91859,31.484]);
(Hsphere{10.6},0.644577[-0.8065799,40.89384,31.59272]);
(Hsphere{10.6},0.6454773[-1.764183,40.8427,31.80313]);
(Hsphere{10.6},0.647583[-2.144362,40.82285,31.87583]);
(Hsphere{10.6},0.6484833[-2.981811,40.77702,32.01331]);
(Hsphere{10.6},0.6505585[-3.316986,40.75666,32.0592]);
(Hsphere{10.6},0.6514587[-4.048016,40.70404,32.13965]);
(Hsphere{10.6},0.6536255[-4.350318,40.67745,32.16449]);
(Hsphere{10.6},0.6545258[-5.031901,40.61821,32.20263]);
(Hsphere{10.6},0.656601[-5.295733,40.59869,32.21075]);
(Hsphere{10.6},0.6575012[-5.863863,40.56458,32.21455]);
(Hsphere{10.6},0.6595764[-6.091285,40.55443,32.21045]);
(Hsphere{10.6},0.6604767[-6.576481,40.54086,32.18969]);
(Hsphere{10.6},0.6625977[-6.771415,40.53895,32.17628]);
(Hsphere{10.6},0.6634979[-7.196623,40.54324,32.13552]);
(Hsphere{10.6},0.665741[-7.362462,40.54847,32.11477]);
(Hsphere{10.6},0.6666412[-7.74088,40.56919,32.05542]);
(Hsphere{10.6},0.6685181[-7.880863,40.58033,32.02857]);
(Hsphere{10.6},0.6694183[-8.152872,40.60805,31.96736]);
(Hsphere{10.6},0.6717224[-8.273572,40.6231,31.93583]);
(Hsphere{10.6},0.6726227[-8.55724,40.6657,31.84895]);
(Hsphere{10.6},0.6747284[-8.66,40.6837,31.81236]);
(Hsphere{10.6},0.6756287[-8.884699,40.72768,31.72099]);
(Hsphere{10.6},0.6777496[-8.974736,40.74694,31.67949]);
(Hsphere{10.6},0.6786499[-9.176274,40.79263,31.57496]);
(Hsphere{10.6},0.6808624[-9.257499,40.8117,31.52795]);
(Hsphere{10.6},0.6817627[-9.449534,40.85686,31.4049]);
(Hsphere{10.6},0.6836243[-9.525865,40.87429,31.35129]);
(Hsphere{10.6},0.6845245[-9.677217,40.91075,31.23515]);
(Hsphere{10.6},0.6866302[-9.745781,40.92918,31.17729]);
(Hsphere{10.6},0.6875305[-9.896216,40.97453,31.03712]);
(Hsphere{10.6},0.689743[-9.956468,40.99478,30.97532]);
(Hsphere{10.6},0.6906433[-10.09524,41.0467,30.81901]);
(Hsphere{10.6},0.692688[-10.14872,41.06882,30.75312]);
(Hsphere{10.6},0.6935883[-10.26516,41.1213,30.59797]);
(Hsphere{10.6},0.6958008[-10.31386,41.14508,30.52814]);
(Hsphere{10.6},0.696701[-10.42873,41.20543,30.35171]);
(Hsphere{10.6},0.6986847[-10.47415,41.23086,30.27751]);
(Hsphere{10.6},0.699585[-10.57098,41.28679,30.11112]);
(Hsphere{10.6},0.7016754[-10.6132,41.31131,30.03503]);
(Hsphere{10.6},0.7025757[-10.70826,41.36641,29.85614]);
(Hsphere{10.6},0.7046661[-10.74782,41.3891,29.77874]);
(Hsphere{10.6},0.7069855[-10.83773,41.43964,29.59739]);
(Hsphere{10.6},0.7098083[-10.93576,41.49216,29.39287]);
(Hsphere{10.6},0.7107086[-11.05489,41.55071,29.13925]);
(Hsphere{10.6},0.7126923[-11.09341,41.56813,29.05698]);
(Hsphere{10.6},0.7135925[-11.17973,41.60423,28.87354]);
(Hsphere{10.6},0.7156372[-11.22003,41.61933,28.78909]);
(Hsphere{10.6},0.7165375[-11.3148,41.65028,28.5939]);
(Hsphere{10.6},0.7187958[-11.3576,41.66229,28.50726]);
(Hsphere{10.6},0.719696[-11.46827,41.6882,28.2872]);
(Hsphere{10.6},0.7216949[-11.51383,41.69686,28.19813]);
(Hsphere{10.6},0.7225952[-11.61793,41.71262,27.99757]);
(Hsphere{10.6},0.7246704[-11.66607,41.71814,27.90614]);
(Hsphere{10.6},0.7255707[-11.7803,41.72718,27.69196]);
(Hsphere{10.6},0.7278137[-11.83108,41.72946,27.5979]);
}
