choptr:10{
(Hsphere{25},0.5733643[13.93938,110.4475,-56.8157]);
(Hsphere{25},0.5782471[18.22979,113.4825,-52.31313]);
(Hsphere{25},0.583252[22.58617,116.1463,-47.42357]);
(Hsphere{25},0.5888672[27.02127,118.4491,-42.00825]);
(Hsphere{25},0.5932617[31.8898,120.9964,-35.09424]);
(Hsphere{25},0.5977783[35.35896,123.2188,-28.95809]);
(Hsphere{25},0.6032715[38.62911,125.716,-21.49699]);
(Hsphere{25},0.6079102[41.58702,128.5947,-11.46405]);
(Hsphere{25},0.612915[43.04906,130.8237,-1.864195]);
(Hsphere{25},0.6174316[43.24656,132.8171,9.62737]);
(Hsphere{25},0.6223145[41.87648,134.0725,20.35539]);
(Hsphere{25},0.6279297[38.8259,134.7831,31.28448]);
(Hsphere{25},0.6320801[33.50859,134.7002,42.99119]);
(Hsphere{25},0.6369629[28.39227,134.0643,50.92607]);
(Hsphere{25},0.6418457[21.94116,132.9895,58.4812]);
(Hsphere{25},0.6468506[15.35667,131.6907,64.39477]);
(Hsphere{25},0.6517334[8.865455,130.2439,68.93283]);
(Hsphere{25},0.6566162[2.853819,128.8273,72.2009]);
(Hsphere{25},0.6619873[-2.324603,127.6178,74.38437]);
(Hsphere{25},0.6663818[-7.098779,126.5061,75.91454]);
(Hsphere{25},0.6721191[-10.39643,125.6545,76.70708]);
(Hsphere{25},0.6761475[-14.00667,124.6058,77.26478]);
(Hsphere{25},0.6817627[-16.19272,123.9512,77.37013]);
(Hsphere{25},0.6860352[-18.62611,123.1796,77.18986]);
(Hsphere{25},0.690918[-20.13796,122.6172,76.84223]);
(Hsphere{25},0.6960449[-21.60141,121.979,76.2652]);
(Hsphere{25},0.7006836[-23.00497,121.2271,75.44379]);
(Hsphere{25},0.7060547[-24.17239,120.4692,74.54124]);
(Hsphere{25},0.7104492[-25.40847,119.5381,73.32053]);
(Hsphere{25},0.7160645[-26.356,118.7384,72.19554]);
(Hsphere{25},0.7203369[-27.54155,117.6824,70.63401]);
(Hsphere{25},0.7252197[-28.48782,116.8385,69.36978]);
(Hsphere{25},0.730835[-29.60919,115.816,67.84174]);
}
