chopr:5{
(Hsphere{13},0.5656738[6.4768,43.97063,-29.58147]);
(Hsphere{13},0.5677185[7.036293,44.14557,-29.1815]);
(Hsphere{13},0.568634[8.3051,44.5479,-28.23436]);
(Hsphere{13},0.5706482[8.853791,44.72321,-27.80712]);
(Hsphere{13},0.5715637[10.08557,45.11668,-26.8074]);
(Hsphere{13},0.5736389[10.63432,45.29097,-26.34309]);
(Hsphere{13},0.5745239[11.90738,45.69022,-25.21723]);
(Hsphere{13},0.5783081[12.46412,45.86185,-24.70192]);
(Hsphere{13},0.5792236[14.80892,46.58377,-22.34544]);
(Hsphere{13},0.5817566[15.35334,46.75887,-21.74682]);
(Hsphere{13},0.5826416[16.85324,47.25655,-19.97789]);
(Hsphere{13},0.5846252[17.3788,47.43591,-19.31141]);
(Hsphere{13},0.5855103[18.515,47.8321,-17.77359]);
(Hsphere{13},0.587616[19.0238,48.01331,-17.03612]);
(Hsphere{13},0.588501[20.17991,48.43438,-15.22543]);
(Hsphere{13},0.5906372[20.66545,48.61557,-14.39923]);
(Hsphere{13},0.5915222[21.77197,49.04063,-12.33126]);
(Hsphere{13},0.5936279[22.22386,49.22083,-11.39529]);
(Hsphere{13},0.5945129[23.22432,49.64613,-9.06195]);
(Hsphere{13},0.5966492[23.62244,49.82941,-7.997645]);
(Hsphere{13},0.5975647[24.46568,50.26073,-5.33226]);
(Hsphere{13},0.5996399[24.76893,50.43849,-4.160458]);
(Hsphere{13},0.6005554[25.33323,50.8364,-1.356372]);
(Hsphere{13},0.6026611[25.51278,51.00159,-0.1089772]);
(Hsphere{13},0.6035461[25.76696,51.3678,2.862581]);
(Hsphere{13},0.6055603[25.80194,51.5153,4.151381]);
(Hsphere{13},0.6064758[25.71416,51.82462,7.058229]);
(Hsphere{13},0.6086426[25.60213,51.95172,8.357485]);
(Hsphere{13},0.6095581[25.12675,52.21229,11.60411]);
(Hsphere{13},0.6116333[24.83951,52.29847,12.96285]);
(Hsphere{13},0.6125488[23.96117,52.45055,16.11386]);
(Hsphere{13},0.6146545[23.49213,52.49583,17.45598]);
(Hsphere{13},0.6155396[22.19517,52.55693,20.50969]);
(Hsphere{13},0.6176453[21.56553,52.56543,21.75856]);
(Hsphere{13},0.6185608[19.94975,52.55133,24.51153]);
(Hsphere{13},0.620636[19.21101,52.53376,25.60658]);
(Hsphere{13},0.6215515[17.42656,52.47675,27.94154]);
(Hsphere{13},0.6236877[16.64842,52.44865,28.84754]);
(Hsphere{13},0.6245728[14.73736,52.35172,30.83831]);
(Hsphere{13},0.6266785[13.90668,52.29844,31.6132]);
(Hsphere{13},0.627594[11.9253,52.15134,33.27311]);
(Hsphere{13},0.6296692[11.06935,52.08105,33.91641]);
(Hsphere{13},0.6305847[9.088219,51.90778,35.25436]);
(Hsphere{13},0.6326904[8.241385,51.83068,35.76698]);
(Hsphere{13},0.6335754[6.294758,51.6511,36.82299]);
(Hsphere{13},0.6356812[5.493878,51.57774,37.21103]);
(Hsphere{13},0.6365662[3.718843,51.42116,37.98172]);
(Hsphere{13},0.6387939[2.99959,51.36191,38.26087]);
(Hsphere{13},0.6397095[1.345322,51.23843,38.83432]);
(Hsphere{13},0.6416931[0.7237104,51.1967,39.02569]);
(Hsphere{13},0.6426086[-0.567607,51.11768,39.382]);
(Hsphere{13},0.6447449[-1.109271,51.08726,39.51497]);
(Hsphere{13},0.6456604[-2.301494,51.02389,39.77296]);
(Hsphere{13},0.6476746[-2.791488,50.99827,39.86488]);
(Hsphere{13},0.6485901[-3.779308,50.94378,40.02413]);
(Hsphere{13},0.6506958[-4.196442,50.91815,40.08038]);
(Hsphere{13},0.6516113[-5.132592,50.84954,40.18103]);
(Hsphere{13},0.653717[-5.508517,50.8157,40.21069]);
(Hsphere{13},0.6546021[-6.332119,50.74503,40.25486]);
(Hsphere{13},0.6567078[-6.660101,50.7211,40.26436]);
(Hsphere{13},0.6576233[-7.373473,50.67912,40.26768]);
(Hsphere{13},0.65979[-7.655795,50.66694,40.26196]);
(Hsphere{13},0.6607056[-8.284835,50.6507,40.23307]);
(Hsphere{13},0.6627197[-8.526058,50.64907,40.21547]);
(Hsphere{13},0.6636047[-9.026722,50.65538,40.16576]);
(Hsphere{13},0.6657715[-9.232566,50.66226,40.13948]);
(Hsphere{13},0.666687[-9.688656,50.68795,40.06697]);
(Hsphere{13},0.6687317[-9.863024,50.702,40.03327]);
(Hsphere{13},0.6710815[-10.23229,50.7405,39.9488]);
(Hsphere{13},0.6737671[-10.6069,50.79299,39.84096]);
(Hsphere{13},0.6746521[-10.9832,50.86018,39.70369]);
(Hsphere{13},0.6767883[-11.1002,50.88396,39.65377]);
(Hsphere{13},0.6776733[-11.35942,50.94072,39.52881]);
(Hsphere{13},0.6799011[-11.4639,50.96482,39.47232]);
(Hsphere{13},0.6807861[-11.71069,51.02293,39.32359]);
(Hsphere{13},0.6827393[-11.80742,51.04556,39.25919]);
(Hsphere{13},0.6836548[-12.01209,51.0928,39.11106]);
(Hsphere{13},0.68573[-12.10114,51.11517,39.04018]);
(Hsphere{13},0.6866455[-12.29441,51.16975,38.86998]);
(Hsphere{13},0.6887512[-12.37252,51.19442,38.79417]);
(Hsphere{13},0.6896667[-12.54562,51.25528,38.60958]);
(Hsphere{13},0.691803[-12.61482,51.2822,38.52882]);
(Hsphere{13},0.6927185[-12.77202,51.34945,38.32916]);
(Hsphere{13},0.6947632[-12.83441,51.37858,38.24332]);
(Hsphere{13},0.6956787[-12.97143,51.44756,38.04119]);
(Hsphere{13},0.6979065[-13.02929,51.4787,37.95024]);
(Hsphere{13},0.6987915[-13.16798,51.55748,37.7192]);
(Hsphere{13},0.7008972[-13.22183,51.58872,37.62446]);
(Hsphere{13},0.7017822[-13.34244,51.65876,37.40233]);
(Hsphere{13},0.7037659[-13.3926,51.68774,37.30603]);
(Hsphere{13},0.7046814[-13.5005,51.74913,37.09195]);
(Hsphere{13},0.7068176[-13.54857,51.77587,36.99387]);
(Hsphere{13},0.7077332[-13.66203,51.83678,36.75731]);
(Hsphere{13},0.7099304[-13.70938,51.86103,36.65703]);
(Hsphere{13},0.7108459[-13.82679,51.91768,36.40659]);
(Hsphere{13},0.7137146[-13.875,51.93935,36.30362]);
(Hsphere{13},0.7146301[-14.03349,52.0027,35.96873]);
(Hsphere{13},0.7167358[-14.08495,52.02021,35.86221]);
(Hsphere{13},0.7176208[-14.20917,52.05661,35.60962]);
(Hsphere{13},0.7198181[-14.26387,52.07017,35.50027]);
(Hsphere{13},0.7207031[-14.4008,52.0981,35.23111]);
(Hsphere{13},0.7227478[-14.45889,52.10754,35.11874]);
(Hsphere{13},0.7236328[-14.59403,52.1244,34.861]);
(Hsphere{13},0.7258301[-14.65539,52.12984,34.74555]);
(Hsphere{13},0.7267151[-14.80813,52.13799,34.46187]);
(Hsphere{13},0.7286987[-14.8729,52.13926,34.34295]);
}
