choptr:4{
(Hsphere{10.6},0.5726624[5.317369,44.04501,-22.98506]);
(Hsphere{10.6},0.5775757[7.071732,45.30383,-21.16353]);
(Hsphere{10.6},0.5822449[8.817707,46.39578,-19.22013]);
(Hsphere{10.6},0.5878601[10.47792,47.27247,-17.22563]);
(Hsphere{10.6},0.592041[12.42784,48.27346,-14.54636]);
(Hsphere{10.6},0.5969543[13.78938,49.1032,-12.26329]);
(Hsphere{10.6},0.6018524[15.22903,50.16136,-9.175226]);
(Hsphere{10.6},0.6067505[16.3846,51.21665,-5.636672]);
(Hsphere{10.6},0.6118774[17.11998,52.18884,-1.689612]);
(Hsphere{10.6},0.6165466[17.33695,53.04912,2.93736]);
(Hsphere{10.6},0.6219635[16.89736,53.61248,7.355913]);
(Hsphere{10.6},0.6263428[15.62953,53.96152,12.23395]);
(Hsphere{10.6},0.6312408[14.05686,53.986,15.96114]);
(Hsphere{10.6},0.6361542[11.7855,53.74719,19.77551]);
(Hsphere{10.6},0.6410522[9.221786,53.3327,22.92945]);
(Hsphere{10.6},0.6459961[6.596347,52.83039,25.39165]);
(Hsphere{10.6},0.651001[3.954931,52.25037,27.31695]);
(Hsphere{10.6},0.6560059[1.460045,51.66541,28.72588]);
(Hsphere{10.6},0.6610107[-0.7023695,51.15826,29.66868]);
(Hsphere{10.6},0.6656189[-2.515895,50.73834,30.2748]);
(Hsphere{10.6},0.6710205[-3.940406,50.38108,30.63644]);
(Hsphere{10.6},0.675354[-5.362487,49.97169,30.88066]);
(Hsphere{10.6},0.6802521[-6.310606,49.68974,30.9467]);
(Hsphere{10.6},0.6856232[-7.207988,49.41027,30.90834]);
(Hsphere{10.6},0.6900482[-7.998139,49.12816,30.75392]);
(Hsphere{10.6},0.6956177[-8.54389,48.89594,30.5517]);
(Hsphere{10.6},0.7003479[-9.156231,48.57665,30.20836]);
(Hsphere{10.6},0.7047424[-9.635841,48.26944,29.84519]);
(Hsphere{10.6},0.7101593[-10.04596,47.96721,29.45439]);
(Hsphere{10.6},0.7145538[-10.51423,47.57878,28.91382]);
(Hsphere{10.6},0.7201538[-10.88319,47.25019,28.43057]);
(Hsphere{10.6},0.72435[-11.38321,46.80481,27.76394]);
(Hsphere{10.6},0.729248[-11.76672,46.45618,27.24275]);
}
