choptl:2{
(Hsphere{5.8},0.5684204[1.132079,19.49094,-14.00062]);
(Hsphere{5.8},0.5733032[0.2434779,20.147,-13.51889]);
(Hsphere{5.8},0.5782166[-0.7874147,20.88232,-12.86994]);
(Hsphere{5.8},0.5831909[-1.832948,21.53198,-12.15083]);
(Hsphere{5.8},0.588562[-2.858376,22.13117,-11.36213]);
(Hsphere{5.8},0.592926[-4.033833,22.77343,-10.36274]);
(Hsphere{5.8},0.5978088[-5.111461,23.33215,-9.327625]);
(Hsphere{5.8},0.6027222[-6.362536,23.9749,-7.874616]);
(Hsphere{5.8},0.607605[-7.594037,24.65144,-5.993511]);
(Hsphere{5.8},0.6125183[-8.677471,25.38903,-3.486818]);
(Hsphere{5.8},0.6178589[-9.329268,26.14862,-0.1178356]);
(Hsphere{5.8},0.6223145[-9.030906,26.75353,3.976568]);
(Hsphere{5.8},0.6276855[-8.000163,26.98786,7.041285]);
(Hsphere{5.8},0.6321106[-6.00278,26.90757,10.2857]);
(Hsphere{5.8},0.6370239[-3.967104,26.58667,12.36807]);
(Hsphere{5.8},0.6419067[-1.869754,26.1591,13.82453]);
(Hsphere{5.8},0.6468201[-0.2628855,25.82255,14.59965]);
(Hsphere{5.8},0.6517029[0.9481749,25.57782,15.01504]);
(Hsphere{5.8},0.6566162[1.897877,25.37797,15.24078]);
(Hsphere{5.8},0.6616211[2.584257,25.24881,15.33858]);
(Hsphere{5.8},0.666687[3.025831,25.19448,15.36197]);
(Hsphere{5.8},0.6713257[3.366316,25.11559,15.35545]);
(Hsphere{5.8},0.6763306[3.645658,24.99263,15.33026]);
(Hsphere{5.8},0.6817627[3.897579,24.84376,15.27815]);
(Hsphere{5.8},0.6860046[4.142952,24.67015,15.19039]);
(Hsphere{5.8},0.690918[4.320223,24.53212,15.09709]);
(Hsphere{5.8},0.6960449[4.499014,24.37861,14.96358]);
(Hsphere{5.8},0.7007141[4.669482,24.2277,14.79285]);
(Hsphere{5.8},0.7060547[4.817505,24.09785,14.6165]);
(Hsphere{5.8},0.7105103[4.97627,23.94899,14.4002]);
(Hsphere{5.8},0.7160645[5.103742,23.82392,14.21023]);
(Hsphere{5.8},0.7203064[5.275044,23.66321,13.96252]);
(Hsphere{5.8},0.7257996[5.41575,23.53509,13.76471]);
(Hsphere{5.8},0.7301025[5.611263,23.36133,13.49953]);
}
