choptl:4{
(Hsphere{10.6},0.5731201[0.5603068,40.13923,-27.13839]);
(Hsphere{10.6},0.5780182[-1.500751,41.61438,-25.84689]);
(Hsphere{10.6},0.5829163[-3.592979,42.92038,-24.41264]);
(Hsphere{10.6},0.5878143[-5.611411,44.1026,-22.8675]);
(Hsphere{10.6},0.5927277[-7.737266,45.27193,-21.0784]);
(Hsphere{10.6},0.5976257[-10.13363,46.51887,-18.80682]);
(Hsphere{10.6},0.6025238[-12.63477,47.80301,-15.92689]);
(Hsphere{10.6},0.6074219[-15.1026,49.15253,-12.20277]);
(Hsphere{10.6},0.6123199[-17.28673,50.62198,-7.248649]);
(Hsphere{10.6},0.6180725[-18.64142,52.14702,-0.5663037]);
(Hsphere{10.6},0.6221771[-17.99436,53.44281,8.214987]);
(Hsphere{10.6},0.6270142[-16.07803,53.87159,13.86435]);
(Hsphere{10.6},0.6320801[-12.56348,53.77822,19.80292]);
(Hsphere{10.6},0.6371002[-7.958301,53.07935,24.6634]);
(Hsphere{10.6},0.6417236[-3.676704,52.20636,27.63106]);
(Hsphere{10.6},0.6470947[-0.6337712,51.56877,29.10159]);
(Hsphere{10.6},0.6515198[2.016055,51.03305,30.00929]);
(Hsphere{10.6},0.6564178[3.727276,50.67308,30.41364]);
(Hsphere{10.6},0.6613159[5.124465,50.40553,30.61782]);
(Hsphere{10.6},0.666214[6.006702,50.29654,30.66787]);
(Hsphere{10.6},0.6711884[6.667474,50.15527,30.65801]);
(Hsphere{10.6},0.6761932[7.275431,49.89373,30.60674]);
(Hsphere{10.6},0.6809235[7.780107,49.59724,30.50395]);
(Hsphere{10.6},0.686203[8.208236,49.29665,30.35673]);
(Hsphere{10.6},0.6907501[8.652468,48.95353,30.12879]);
(Hsphere{10.6},0.6959076[8.984194,48.66845,29.88059]);
(Hsphere{10.6},0.7005157[9.326338,48.36544,29.54033]);
(Hsphere{10.6},0.7059479[9.620158,48.10804,29.19179]);
(Hsphere{10.6},0.7103271[9.943373,47.80555,28.75295]);
(Hsphere{10.6},0.7159424[10.19346,47.56037,28.38089]);
(Hsphere{10.6},0.7201233[10.53989,47.23466,27.87889]);
(Hsphere{10.6},0.7250214[10.81549,46.98357,27.49123]);
(Hsphere{10.6},0.7306671[11.16196,46.67468,27.01891]);
}
