choptr:2{
(Hsphere{5.8},0.5728149[2.703496,22.10362,-11.42188]);
(Hsphere{5.8},0.5776978[3.56238,22.71756,-10.52732]);
(Hsphere{5.8},0.5826111[4.432148,23.25899,-9.557511]);
(Hsphere{5.8},0.5874939[5.30339,23.71664,-8.505606]);
(Hsphere{5.8},0.5925598[6.154987,24.15259,-7.336883]);
(Hsphere{5.8},0.59729[6.974078,24.65316,-5.957447]);
(Hsphere{5.8},0.6025085[7.663716,25.16832,-4.439261]);
(Hsphere{5.8},0.6071167[8.257904,25.72676,-2.533209]);
(Hsphere{5.8},0.6123352[8.579302,26.17604,-0.6655391]);
(Hsphere{5.8},0.6169128[8.662834,26.60658,1.713581]);
(Hsphere{5.8},0.6225586[8.42076,26.8715,3.871804]);
(Hsphere{5.8},0.626709[7.725818,27.0386,6.397793]);
(Hsphere{5.8},0.6323547[6.956185,27.03761,8.154404]);
(Hsphere{5.8},0.6366577[5.609313,26.88036,10.30805]);
(Hsphere{5.8},0.6421814[4.475482,26.69136,11.63635]);
(Hsphere{5.8},0.6463013[2.996762,26.40015,12.96661]);
(Hsphere{5.8},0.6519775[1.900855,26.15612,13.736]);
(Hsphere{5.8},0.6560974[0.5058568,25.82792,14.49948]);
(Hsphere{5.8},0.6610107[-0.3680749,25.62376,14.86918]);
(Hsphere{5.8},0.6658936[-1.254538,25.41848,15.1647]);
(Hsphere{5.8},0.6708069[-2.008388,25.22849,15.35463]);
(Hsphere{5.8},0.6756897[-2.653395,25.04242,15.46501]);
(Hsphere{5.8},0.680603[-3.188915,24.88308,15.50162]);
(Hsphere{5.8},0.6855164[-3.631482,24.74455,15.47852]);
(Hsphere{5.8},0.6903992[-3.989026,24.61625,15.40712]);
(Hsphere{5.8},0.6953125[-4.290648,24.48733,15.29414]);
(Hsphere{5.8},0.7001953[-4.559373,24.34714,15.14315]);
(Hsphere{5.8},0.7051086[-4.809144,24.18848,14.95635]);
(Hsphere{5.8},0.710144[-5.037066,24.02007,14.73822]);
(Hsphere{5.8},0.7149048[-5.254683,23.83888,14.4855]);
(Hsphere{5.8},0.7201538[-5.455146,23.6604,14.22273]);
(Hsphere{5.8},0.7247009[-5.689496,23.45162,13.91018]);
(Hsphere{5.8},0.7296448[-5.897803,23.26206,13.62683]);
}
