choptl:6{
(Hsphere{15.4},0.5731201[0.8334858,60.1651,-40.70351]);
(Hsphere{15.4},0.5789185[-2.258189,62.37742,-38.76568]);
(Hsphere{15.4},0.5829468[-5.93722,64.65842,-36.21827]);
(Hsphere{15.4},0.5878906[-8.424004,66.10889,-34.29572]);
(Hsphere{15.4},0.5928955[-11.66485,67.89034,-31.56551]);
(Hsphere{15.4},0.5975952[-15.34496,69.8034,-28.06076]);
(Hsphere{15.4},0.6029053[-18.96069,71.66004,-23.8793]);
(Hsphere{15.4},0.6074219[-22.94439,73.85188,-17.77682]);
(Hsphere{15.4},0.6123047[-25.93667,75.88933,-10.85316]);
(Hsphere{15.4},0.6172485[-27.96413,78.17639,-0.8245267]);
(Hsphere{15.4},0.6226807[-27.3824,79.90624,10.43005]);
(Hsphere{15.4},0.6270142[-23.6691,80.79151,21.75833]);
(Hsphere{15.4},0.6326904[-18.83109,80.61696,29.72313]);
(Hsphere{15.4},0.6372681[-11.10008,79.41004,37.6796]);
(Hsphere{15.4},0.6417236[-5.302544,78.2158,41.56551]);
(Hsphere{15.4},0.6466064[-0.9411263,77.30225,43.65629]);
(Hsphere{15.4},0.6515503[2.724732,76.56073,44.92902]);
(Hsphere{15.4},0.6564331[5.596855,75.95932,45.62161]);
(Hsphere{15.4},0.6613159[7.690411,75.55885,45.9271]);
(Hsphere{15.4},0.6661987[9.012496,75.39552,46.00182]);
(Hsphere{15.4},0.6712646[10.00342,75.1832,45.98691]);
(Hsphere{15.4},0.6769409[10.9223,74.78699,45.90881]);
(Hsphere{15.4},0.6809692[11.7764,74.27596,45.72552]);
(Hsphere{15.4},0.6859741[12.31766,73.8922,45.53293]);
(Hsphere{15.4},0.690979[12.95027,73.40484,45.2111]);
(Hsphere{15.4},0.6957397[13.49817,72.9344,44.8018]);
(Hsphere{15.4},0.7005005[13.97601,72.51106,44.3256]);
(Hsphere{15.4},0.7054443[14.43126,72.11222,43.78638]);
(Hsphere{15.4},0.7103271[14.86954,71.70317,43.19464]);
(Hsphere{15.4},0.715271[15.29113,71.29069,42.56987]);
(Hsphere{15.4},0.7202759[15.7472,70.86046,41.90697]);
(Hsphere{15.4},0.7253418[16.24207,70.40942,41.2106]);
(Hsphere{15.4},0.7299194[16.77736,69.93291,40.4827]);
}
