chopl:1{
(Hsphere{3.4},0.5660095[-1.305199,8.809447,-5.840941]);
(Hsphere{3.4},0.5681458[-1.410765,8.84133,-5.762859]);
(Hsphere{3.4},0.569046[-1.654991,8.916778,-5.574231]);
(Hsphere{3.4},0.5711594[-1.756181,8.94854,-5.492709]);
(Hsphere{3.4},0.5720596[-1.991029,9.02277,-5.295485]);
(Hsphere{3.4},0.5741501[-2.089849,9.054005,-5.208994]);
(Hsphere{3.4},0.5750504[-2.318072,9.125515,-5.000695]);
(Hsphere{3.4},0.5771332[-2.415976,9.155716,-4.907444]);
(Hsphere{3.4},0.5780334[-2.639704,9.224322,-4.685064]);
(Hsphere{3.4},0.5801315[-2.733271,9.253798,-4.588246]);
(Hsphere{3.4},0.5810318[-2.945276,9.322515,-4.359752]);
(Hsphere{3.4},0.5831604[-3.034245,9.352096,-4.259736]);
(Hsphere{3.4},0.5840607[-3.2411,9.422383,-4.016269]);
(Hsphere{3.4},0.5862503[-3.327747,9.452393,-3.909152]);
(Hsphere{3.4},0.5871506[-3.537619,9.526278,-3.634671]);
(Hsphere{3.4},0.5892487[-3.623291,9.556886,-3.515552]);
(Hsphere{3.4},0.5901489[-3.821917,9.628808,-3.220057]);
(Hsphere{3.4},0.5922852[-3.906817,9.659978,-3.08406]);
(Hsphere{3.4},0.5931854[-4.105574,9.73497,-2.737964]);
(Hsphere{3.4},0.5952759[-4.186822,9.767306,-2.583867]);
(Hsphere{3.4},0.5961761[-4.367401,9.843592,-2.207844]);
(Hsphere{3.4},0.598259[-4.440752,9.876649,-2.0387]);
(Hsphere{3.4},0.5991592[-4.5987,9.953212,-1.630214]);
(Hsphere{3.4},0.601265[-4.660851,9.985961,-1.44755]);
(Hsphere{3.4},0.6021652[-4.790252,10.06132,-1.006429]);
(Hsphere{3.4},0.6042938[-4.838253,10.09289,-0.812072]);
(Hsphere{3.4},0.6051941[-4.932668,10.16559,-0.3400033]);
(Hsphere{3.4},0.6073914[-4.963939,10.1953,-0.1361161]);
(Hsphere{3.4},0.6082916[-5.018866,10.26492,0.3750043]);
(Hsphere{3.4},0.610321[-5.031944,10.292,0.59213]);
(Hsphere{3.4},0.6112213[-5.038019,10.34947,1.094911]);
(Hsphere{3.4},0.6133575[-5.029621,10.37322,1.32224]);
(Hsphere{3.4},0.6142578[-4.980871,10.42491,1.867196]);
(Hsphere{3.4},0.6163025[-4.948061,10.4446,2.096771]);
(Hsphere{3.4},0.6172028[-4.847053,10.48463,2.612645]);
(Hsphere{3.4},0.6193161[-4.791211,10.50026,2.836233]);
(Hsphere{3.4},0.6202164[-4.634702,10.53246,3.348087]);
(Hsphere{3.4},0.6223068[-4.558439,10.54435,3.55814]);
(Hsphere{3.4},0.6232071[-4.3605,10.56759,4.028873]);
(Hsphere{3.4},0.625267[-4.265205,10.57455,4.227342]);
(Hsphere{3.4},0.6261673[-4.024285,10.58348,4.671217]);
(Hsphere{3.4},0.6283722[-3.909682,10.58453,4.859324]);
(Hsphere{3.4},0.6292725[-3.60855,10.58065,5.300033]);
(Hsphere{3.4},0.6313553[-3.478052,10.57674,5.471147]);
(Hsphere{3.4},0.6322556[-3.163174,10.56356,5.844458]);
(Hsphere{3.4},0.6343231[-3.023442,10.55648,5.994674]);
(Hsphere{3.4},0.6352234[-2.698767,10.53831,6.31291]);
(Hsphere{3.4},0.6373215[-2.557011,10.52998,6.439861]);
(Hsphere{3.4},0.6382217[-2.229538,10.51025,6.708883]);
(Hsphere{3.4},0.6403427[-2.089644,10.50063,6.814281]);
(Hsphere{3.4},0.641243[-1.760741,10.47465,7.041636]);
(Hsphere{3.4},0.6433563[-1.622335,10.46243,7.129276]);
(Hsphere{3.4},0.6442566[-1.301722,10.43147,7.315357]);
(Hsphere{3.4},0.6462936[-1.167644,10.41749,7.386507]);
(Hsphere{3.4},0.6471939[-0.8717097,10.38463,7.530419]);
(Hsphere{3.4},0.6493454[-0.7445934,10.36971,7.586903]);
(Hsphere{3.4},0.6502457[-0.4519984,10.33357,7.705296]);
(Hsphere{3.4},0.6523438[-0.3348885,10.31842,7.748295]);
(Hsphere{3.4},0.653244[-0.07537971,10.28357,7.835054]);
(Hsphere{3.4},0.6553268[0.02905752,10.26944,7.866809]);
(Hsphere{3.4},0.6562271[0.2560887,10.23888,7.929716]);
(Hsphere{3.4},0.658371[0.3481499,10.22657,7.952825]);
(Hsphere{3.4},0.6592712[0.55423,10.19915,7.99943]);
(Hsphere{3.4},0.6613617[0.6356248,10.18838,8.015832]);
(Hsphere{3.4},0.662262[0.8143361,10.1647,8.04763]);
(Hsphere{3.4},0.6642914[0.8872964,10.15499,8.058851]);
(Hsphere{3.4},0.6651917[1.043897,10.13392,8.079186]);
(Hsphere{3.4},0.6673584[1.110628,10.12476,8.086174]);
(Hsphere{3.4},0.6682587[1.265379,10.1031,8.098064]);
(Hsphere{3.4},0.6703491[1.326654,10.0949,8.100931]);
(Hsphere{3.4},0.6712494[1.46197,10.0784,8.103171]);
(Hsphere{3.4},0.6733551[1.517261,10.07236,8.102361]);
(Hsphere{3.4},0.6742554[1.640072,10.06055,8.096628]);
(Hsphere{3.4},0.6763535[1.689914,10.05646,8.092636]);
(Hsphere{3.4},0.6772537[1.800565,10.04898,8.079974]);
(Hsphere{3.4},0.67939[1.845552,10.04662,8.073195]);
(Hsphere{3.4},0.6802902[1.947018,10.0429,8.054056]);
(Hsphere{3.4},0.6823654[1.987712,10.04207,8.044747]);
(Hsphere{3.4},0.6832657[2.075807,10.04162,8.020693]);
(Hsphere{3.4},0.6853714[2.110641,10.04195,8.009222]);
(Hsphere{3.4},0.6862717[2.188377,10.04406,7.979781]);
(Hsphere{3.4},0.6883774[2.220171,10.0455,7.966074]);
(Hsphere{3.4},0.6892776[2.291739,10.04997,7.931306]);
(Hsphere{3.4},0.6913605[2.321073,10.05231,7.915373]);
(Hsphere{3.4},0.6922607[2.386597,10.0586,7.875927]);
(Hsphere{3.4},0.6943741[2.414075,10.06166,7.857713]);
(Hsphere{3.4},0.6952744[2.476833,10.06954,7.812165]);
(Hsphere{3.4},0.6973724[2.502975,10.07317,7.791518]);
(Hsphere{3.4},0.6982727[2.562807,10.08218,7.740377]);
(Hsphere{3.4},0.7003937[2.587585,10.08642,7.717316]);
(Hsphere{3.4},0.7012939[2.643141,10.09762,7.660673]);
(Hsphere{3.4},0.7034149[2.665486,10.10288,7.635769]);
(Hsphere{3.4},0.7043152[2.715465,10.11648,7.575122]);
(Hsphere{3.4},0.706398[2.735647,10.12277,7.548528]);
(Hsphere{3.4},0.7072983[2.780117,10.13844,7.485157]);
(Hsphere{3.4},0.7093887[2.798424,10.14567,7.457042]);
(Hsphere{3.4},0.710289[2.838989,10.16346,7.390114]);
(Hsphere{3.4},0.7123413[2.855671,10.17152,7.360641]);
(Hsphere{3.4},0.7132416[2.892483,10.19058,7.292099]);
(Hsphere{3.4},0.7154007[2.909402,10.19889,7.26149]);
(Hsphere{3.4},0.716301[2.948993,10.21872,7.186568]);
(Hsphere{3.4},0.7184067[2.965112,10.22685,7.154837]);
(Hsphere{3.4},0.7193069[3.002235,10.24539,7.079422]);
(Hsphere{3.4},0.7214203[3.017897,10.25302,7.046781]);
(Hsphere{3.4},0.7223206[3.054498,10.27008,6.969172]);
(Hsphere{3.4},0.7244263[3.070055,10.27688,6.935816]);
(Hsphere{3.4},0.7253265[3.106639,10.29147,6.857174]);
(Hsphere{3.4},0.7274475[3.122451,10.29707,6.823316]);
}
