chopr:10{
(Hsphere{25},0.5659485[13.32048,87.95768,-58.90301]);
(Hsphere{25},0.5683594[14.4362,88.30776,-58.09843]);
(Hsphere{25},0.5692749[17.38887,89.24666,-55.86469]);
(Hsphere{25},0.5710754[18.48463,89.59708,-54.99599]);
(Hsphere{25},0.571991[20.69601,90.30243,-53.17372]);
(Hsphere{25},0.5740967[21.79504,90.65047,-52.23207]);
(Hsphere{25},0.5750122[24.39557,91.46217,-49.90055]);
(Hsphere{25},0.5770874[25.51266,91.80428,-48.85091]);
(Hsphere{25},0.5780029[28.1242,92.59959,-46.26603]);
(Hsphere{25},0.5802917[29.22752,92.94567,-45.10978]);
(Hsphere{25},0.5811768[31.97577,93.83568,-42.04196]);
(Hsphere{25},0.5830994[33.04278,94.1913,-40.77112]);
(Hsphere{25},0.5839844[35.28669,94.9564,-37.93148]);
(Hsphere{25},0.5860901[36.32246,95.31715,-36.5354]);
(Hsphere{25},0.5870056[38.69039,96.16019,-33.10533]);
(Hsphere{25},0.5891418[39.68692,96.52301,-31.54726]);
(Hsphere{25},0.5900574[42.01332,97.39155,-27.58241]);
(Hsphere{25},0.5922546[42.95296,97.75259,-25.82421]);
(Hsphere{25},0.5931396[45.14885,98.63243,-21.24741]);
(Hsphere{25},0.5951538[46.00525,98.99825,-19.23285]);
(Hsphere{25},0.5960693[47.78186,99.82065,-14.43978]);
(Hsphere{25},0.5997009[48.49114,100.1837,-12.19555]);
(Hsphere{25},0.6006165[50.69825,101.6017,-2.514147]);
(Hsphere{25},0.6022644[51.05075,101.9314,-0.01660533]);
(Hsphere{25},0.6031494[51.47517,102.5053,4.604471]);
(Hsphere{25},0.6051636[51.58447,102.8053,7.175025]);
(Hsphere{25},0.6060791[51.49957,103.4344,12.97102]);
(Hsphere{25},0.6081543[51.31258,103.6959,15.56429]);
(Hsphere{25},0.6090393[50.5316,104.2177,21.67111]);
(Hsphere{25},0.6112366[50.01921,104.4041,24.37856]);
(Hsphere{25},0.6121521[48.29536,104.7565,31.05608]);
(Hsphere{25},0.6141357[47.40372,104.8575,33.75315]);
(Hsphere{25},0.6150208[45.07264,104.9972,39.55637]);
(Hsphere{25},0.617218[43.86249,105.0257,42.0959]);
(Hsphere{25},0.618103[40.60344,105.0175,47.91506]);
(Hsphere{25},0.6203308[39.14963,104.9882,50.15629]);
(Hsphere{25},0.6212158[35.42392,104.8755,55.18715]);
(Hsphere{25},0.6231689[33.87171,104.821,57.03978]);
(Hsphere{25},0.624054[30.42302,104.6609,60.74551]);
(Hsphere{25},0.6261902[28.77657,104.5622,62.34016]);
(Hsphere{25},0.6271057[24.78949,104.2789,65.80434]);
(Hsphere{25},0.629303[23.0814,104.1425,67.13462]);
(Hsphere{25},0.6302185[18.8515,103.7784,70.08096]);
(Hsphere{25},0.6323242[17.15211,103.6248,71.13683]);
(Hsphere{25},0.6332397[13.22589,103.263,73.32306]);
(Hsphere{25},0.6353455[11.6095,103.1144,74.12698]);
(Hsphere{25},0.636261[7.978482,102.7905,75.74393]);
(Hsphere{25},0.6382446[6.518651,102.668,76.32436]);
(Hsphere{25},0.6391296[3.502135,102.4363,77.40472]);
(Hsphere{25},0.6413269[2.22498,102.3472,77.81503]);
(Hsphere{25},0.6422424[-0.6763483,102.1642,78.64548]);
(Hsphere{25},0.6442566[-1.7786,102.1011,78.9243]);
(Hsphere{25},0.6451416[-4.073786,101.9776,79.43969]);
(Hsphere{25},0.6474304[-5.037563,101.9273,79.62953]);
(Hsphere{25},0.6483154[-7.315812,101.8039,80.01297]);
(Hsphere{25},0.650238[-8.158422,101.7533,80.13054]);
(Hsphere{25},0.6511536[-9.874743,101.6331,80.32619]);
(Hsphere{25},0.6532593[-10.63714,101.5688,80.39302]);
(Hsphere{25},0.6541748[-12.32918,101.4186,80.49636]);
(Hsphere{25},0.6564026[-12.99944,101.3671,80.52062]);
(Hsphere{25},0.6572876[-14.53512,101.2709,80.53752]);
(Hsphere{25},0.6593323[-15.10922,101.2441,80.52901]);
(Hsphere{25},0.6602478[-16.31903,101.2074,80.48141]);
(Hsphere{25},0.662262[-16.81199,101.2012,80.44945]);
(Hsphere{25},0.663147[-17.83708,101.2078,80.35626]);
(Hsphere{25},0.6652832[-18.25903,101.2191,80.30616]);
(Hsphere{25},0.6661682[-19.17248,101.2639,80.17023]);
(Hsphere{25},0.6682129[-19.53098,101.2898,80.10513]);
(Hsphere{25},0.6690979[-20.27865,101.3614,79.94385]);
(Hsphere{25},0.6713257[-20.58513,101.3981,79.8662]);
(Hsphere{25},0.6722412[-21.28733,101.4999,79.65791]);
(Hsphere{25},0.6742859[-21.54877,101.5443,79.56786]);
(Hsphere{25},0.675293[-22.10474,101.6503,79.34926]);
(Hsphere{25},0.6772461[-22.35818,101.7035,79.23587]);
(Hsphere{25},0.6781616[-22.83229,101.8096,78.99724]);
(Hsphere{25},0.6802979[-23.03816,101.8576,78.88191]);
(Hsphere{25},0.6812134[-23.51016,101.9688,78.58894]);
(Hsphere{25},0.6832275[-23.70232,102.0134,78.45793]);
(Hsphere{25},0.6841125[-24.118,102.1109,78.14853]);
(Hsphere{25},0.6862488[-24.29236,102.1564,78.00513]);
(Hsphere{25},0.6871643[-24.68015,102.2701,77.65241]);
(Hsphere{25},0.6910095[-24.83295,102.3202,77.49908]);
(Hsphere{25},0.6918945[-25.42707,102.549,76.81231]);
(Hsphere{25},0.6943359[-25.55509,102.6061,76.64338]);
(Hsphere{25},0.695282[-25.88478,102.7669,76.17119]);
(Hsphere{25},0.6971741[-26.00661,102.8313,75.98301]);
(Hsphere{25},0.6980591[-26.24697,102.9658,75.59064]);
(Hsphere{25},0.7001953[-26.35698,103.0293,75.40185]);
(Hsphere{25},0.7011108[-26.60697,103.1745,74.95116]);
(Hsphere{25},0.7033997[-26.70871,103.2335,74.75938]);
(Hsphere{25},0.7042847[-26.95961,103.3771,74.26738]);
(Hsphere{25},0.7061768[-27.05611,103.4312,74.07174]);
(Hsphere{25},0.7070618[-27.25573,103.5397,73.6583]);
(Hsphere{25},0.7093506[-27.35048,103.5893,73.45877]);
(Hsphere{25},0.7102966[-27.58973,103.7078,72.94962]);
(Hsphere{25},0.7123718[-27.69219,103.7551,72.7306]);
(Hsphere{25},0.7132568[-27.91614,103.8507,72.2539]);
(Hsphere{25},0.7154236[-28.01624,103.8892,72.04328]);
(Hsphere{25},0.7163086[-28.26217,103.9715,71.53535]);
(Hsphere{25},0.7182617[-28.36871,104.0021,71.31915]);
(Hsphere{25},0.7191467[-28.60596,104.0602,70.8455]);
(Hsphere{25},0.7213745[-28.7187,104.0832,70.62378]);
(Hsphere{25},0.72229[-29.00522,104.1296,70.06962]);
(Hsphere{25},0.7243042[-29.12488,104.1443,69.84161]);
(Hsphere{25},0.7252197[-29.40225,104.1683,69.32013]);
(Hsphere{25},0.727417[-29.52843,104.175,69.08579]);
}
