chopr:1{
(Hsphere{3.4},0.5666046[1.258752,8.813197,-5.942001]);
(Hsphere{3.4},0.5675049[1.520642,8.895344,-5.753049]);
(Hsphere{3.4},0.5696259[1.630944,8.930417,-5.669915]);
(Hsphere{3.4},0.5705261[1.890302,9.0133,-5.465839]);
(Hsphere{3.4},0.5727692[1.999831,9.048262,-5.375889]);
(Hsphere{3.4},0.5736694[2.273542,9.13483,-5.140622]);
(Hsphere{3.4},0.5756378[2.384313,9.169352,-5.040857]);
(Hsphere{3.4},0.5765381[2.629478,9.244324,-4.809735]);
(Hsphere{3.4},0.5786438[2.741701,9.278358,-4.698624]);
(Hsphere{3.4},0.5795441[2.998458,9.358911,-4.429237]);
(Hsphere{3.4},0.5817261[3.106986,9.394021,-4.308457]);
(Hsphere{3.4},0.5826263[3.36769,9.480736,-3.999252]);
(Hsphere{3.4},0.584549[3.472828,9.516603,-3.86608]);
(Hsphere{3.4},0.5854492[3.69339,9.593451,-3.56831]);
(Hsphere{3.4},0.5874023[3.795214,9.629668,-3.421341]);
(Hsphere{3.4},0.5883026[4.011713,9.708334,-3.085065]);
(Hsphere{3.4},0.5904694[4.109235,9.74459,-2.921251]);
(Hsphere{3.4},0.5913696[4.336935,9.831703,-2.501054]);
(Hsphere{3.4},0.592865[4.427733,9.867707,-2.315301]);
(Hsphere{3.4},0.5937653[4.573525,9.928329,-1.9885]);
(Hsphere{3.4},0.5959015[4.65671,9.964987,-1.781898]);
(Hsphere{3.4},0.5968018[4.835499,10.05141,-1.264572]);
(Hsphere{3.4},0.5984192[4.901706,10.0874,-1.035143]);
(Hsphere{3.4},0.5993195[5.00459,10.15104,-0.6065357]);
(Hsphere{3.4},0.601532[5.051335,10.18527,-0.3625209]);
(Hsphere{3.4},0.6024323[5.13201,10.26542,0.2519784]);
(Hsphere{3.4},0.6044312[5.150191,10.29634,0.507474]);
(Hsphere{3.4},0.6053314[5.158494,10.36093,1.080876]);
(Hsphere{3.4},0.6076508[5.147488,10.38809,1.340211]);
(Hsphere{3.4},0.608551[5.077376,10.45035,2.015216]);
(Hsphere{3.4},0.6106262[5.032222,10.47039,2.284506]);
(Hsphere{3.4},0.6115265[4.886193,10.50722,2.912947]);
(Hsphere{3.4},0.6136017[4.804727,10.51906,3.184289]);
(Hsphere{3.4},0.614502[4.575568,10.53722,3.799949]);
(Hsphere{3.4},0.6162109[4.460011,10.54132,4.05786]);
(Hsphere{3.4},0.6171112[4.217482,10.54358,4.526659]);
(Hsphere{3.4},0.6192169[4.078711,10.54225,4.761858]);
(Hsphere{3.4},0.6218414[3.733612,10.53404,5.271922]);
(Hsphere{3.4},0.6243286[3.282558,10.51822,5.822052]);
(Hsphere{3.4},0.6252289[2.831641,10.49346,6.276766]);
(Hsphere{3.4},0.6272125[2.663908,10.48193,6.426308]);
(Hsphere{3.4},0.6281128[2.287634,10.45278,6.728862]);
(Hsphere{3.4},0.6302185[2.116268,10.43834,6.852989]);
(Hsphere{3.4},0.6311188[1.718297,10.40297,7.111827]);
(Hsphere{3.4},0.6332397[1.550005,10.38753,7.209849]);
(Hsphere{3.4},0.63414[1.163558,10.35189,7.411445]);
(Hsphere{3.4},0.6362457[1.005772,10.33757,7.484919]);
(Hsphere{3.4},0.637146[0.6554508,10.3073,7.631059]);
(Hsphere{3.4},0.6392365[0.5151643,10.29614,7.683356]);
(Hsphere{3.4},0.6401367[0.2118603,10.27421,7.784798]);
(Hsphere{3.4},0.6422577[0.08993679,10.26624,7.82119]);
(Hsphere{3.4},0.643158[-0.1782104,10.2503,7.892517]);
(Hsphere{3.4},0.6452332[-0.2838542,10.24451,7.917335]);
(Hsphere{3.4},0.6461334[-0.5113533,10.23255,7.964378]);
(Hsphere{3.4},0.6482391[-0.6036784,10.22768,7.98092]);
(Hsphere{3.4},0.6491394[-0.8067405,10.21611,8.011851]);
(Hsphere{3.4},0.6512451[-0.8884676,10.2108,8.022073]);
(Hsphere{3.4},0.6521454[-1.070585,10.19647,8.039842]);
(Hsphere{3.4},0.6542664[-1.144337,10.18965,8.044963]);
(Hsphere{3.4},0.6551666[-1.305702,10.17651,8.052224]);
(Hsphere{3.4},0.6572571[-1.369607,10.17216,8.05352]);
(Hsphere{3.4},0.6581573[-1.507961,10.16475,8.052965]);
(Hsphere{3.4},0.660141[-1.562925,10.1627,8.051364]);
(Hsphere{3.4},0.6610413[-1.67525,10.16038,8.045372]);
(Hsphere{3.4},0.6632538[-1.722536,10.16027,8.041643]);
(Hsphere{3.4},0.6641541[-1.829873,10.16226,8.030107]);
(Hsphere{3.4},0.6662445[-1.869874,10.16392,8.024572]);
(Hsphere{3.4},0.6671448[-1.955176,10.16936,8.010115]);
(Hsphere{3.4},0.6692657[-1.989233,10.17235,8.003181]);
(Hsphere{3.4},0.670166[-2.063224,10.18063,7.985359]);
(Hsphere{3.4},0.6722717[-2.092253,10.18461,7.977181]);
(Hsphere{3.4},0.673172[-2.155608,10.19478,7.956522]);
(Hsphere{3.4},0.6752625[-2.18062,10.19936,7.947145]);
(Hsphere{3.4},0.6761627[-2.234746,10.21033,7.924082]);
(Hsphere{3.4},0.678299[-2.256787,10.21517,7.913472]);
(Hsphere{3.4},0.6791992[-2.306441,10.22659,7.886669]);
(Hsphere{3.4},0.6812897[-2.326457,10.23131,7.874647]);
(Hsphere{3.4},0.6821899[-2.371548,10.24186,7.844872]);
(Hsphere{3.4},0.6842499[-2.390492,10.24616,7.831235]);
(Hsphere{3.4},0.6851501[-2.431516,10.25648,7.798576]);
(Hsphere{3.4},0.6872864[-2.448181,10.26118,7.783903]);
(Hsphere{3.4},0.6881866[-2.485084,10.27284,7.748059]);
(Hsphere{3.4},0.6902466[-2.49975,10.27801,7.732392]);
(Hsphere{3.4},0.6911469[-2.531536,10.29037,7.695333]);
(Hsphere{3.4},0.6932678[-2.544667,10.29597,7.6787]);
(Hsphere{3.4},0.6941681[-2.574171,10.30968,7.638279]);
(Hsphere{3.4},0.6962128[-2.586158,10.31571,7.620621]);
(Hsphere{3.4},0.697113[-2.612434,10.32981,7.579428]);
(Hsphere{3.4},0.6993103[-2.623713,10.33622,7.560725]);
(Hsphere{3.4},0.7002106[-2.650147,10.35153,7.514499]);
(Hsphere{3.4},0.702179[-2.660537,10.35757,7.495414]);
(Hsphere{3.4},0.7030792[-2.68269,10.37037,7.453084]);
(Hsphere{3.4},0.7052917[-2.6925,10.37597,7.433674]);
(Hsphere{3.4},0.706192[-2.716127,10.38911,7.385527]);
(Hsphere{3.4},0.7082825[-2.725632,10.39422,7.365708]);
(Hsphere{3.4},0.7091827[-2.747634,10.40551,7.31916]);
(Hsphere{3.4},0.7113037[-2.757145,10.41012,7.298869]);
(Hsphere{3.4},0.712204[-2.779739,10.42036,7.250618]);
(Hsphere{3.4},0.7136078[-2.789548,10.42445,7.229765]);
(Hsphere{3.4},0.7145081[-2.80524,10.43045,7.196776]);
(Hsphere{3.4},0.7168579[-2.81551,10.43399,7.17549]);
(Hsphere{3.4},0.7177582[-2.843335,10.44214,7.118906]);
(Hsphere{3.4},0.7198944[-2.854305,10.44482,7.097013]);
(Hsphere{3.4},0.7207947[-2.881034,10.4502,7.044525]);
(Hsphere{3.4},0.7228088[-2.892664,10.45207,7.022037]);
(Hsphere{3.4},0.7237091[-2.919435,10.45537,6.971017]);
(Hsphere{3.4},0.7258911[-2.931715,10.45645,6.947918]);
(Hsphere{3.4},0.7267914[-2.962435,10.45805,6.890879]);
(Hsphere{3.4},0.7288818[-2.975404,10.45829,6.867084]);
}
