choptr:6{
(Hsphere{15.4},0.5733032[8.366703,66.30991,-34.08633]);
(Hsphere{15.4},0.578186[10.94093,68.13067,-31.38456]);
(Hsphere{15.4},0.5830688[13.5548,69.72865,-28.45054]);
(Hsphere{15.4},0.5880127[16.16558,71.08495,-25.26585]);
(Hsphere{15.4},0.59375[18.70951,72.39851,-21.71641]);
(Hsphere{15.4},0.5977783[21.48535,74.16145,-16.83114]);
(Hsphere{15.4},0.6026611[23.17971,75.47063,-12.89215]);
(Hsphere{15.4},0.6077881[24.81774,77.04013,-7.47354]);
(Hsphere{15.4},0.6124878[25.82393,78.52103,-1.17883]);
(Hsphere{15.4},0.6177979[25.97343,79.65717,5.280425]);
(Hsphere{15.4},0.6223145[25.00865,80.53294,12.78005]);
(Hsphere{15.4},0.6278076[23.29279,80.90924,18.77833]);
(Hsphere{15.4},0.6320801[20.14776,80.86304,25.71827]);
(Hsphere{15.4},0.6369629[17.0309,80.47703,30.56168]);
(Hsphere{15.4},0.6420898[13.15999,79.83199,35.09348]);
(Hsphere{15.4},0.6467896[9.031428,79.01469,38.78027]);
(Hsphere{15.4},0.6516724[5.314787,78.18442,41.36246]);
(Hsphere{15.4},0.6566162[1.708354,77.33463,43.32242]);
(Hsphere{15.4},0.661499[-1.418609,76.60431,44.63938]);
(Hsphere{15.4},0.666626[-4.01243,76.00195,45.48028]);
(Hsphere{15.4},0.6712646[-6.343866,75.40164,46.046]);
(Hsphere{15.4},0.6766357[-8.14111,74.88001,46.33202]);
(Hsphere{15.4},0.6810913[-9.847803,74.36942,46.42101]);
(Hsphere{15.4},0.6866455[-11.01991,73.99857,46.3367]);
(Hsphere{15.4},0.6908569[-12.19647,73.56362,46.06929]);
(Hsphere{15.4},0.6958008[-12.96182,73.22609,45.75863]);
(Hsphere{15.4},0.7006836[-13.76126,72.8002,45.29451]);
(Hsphere{15.4},0.7056274[-14.50426,72.32008,44.72398]);
(Hsphere{15.4},0.7109375[-15.18466,71.81046,44.0583]);
(Hsphere{15.4},0.7153931[-15.8736,71.22928,43.24068]);
(Hsphere{15.4},0.7202759[-16.43511,70.72836,42.4996]);
(Hsphere{15.4},0.7251587[-17.09347,70.14151,41.62078]);
(Hsphere{15.4},0.7301025[-17.7663,69.52798,40.70395]);
}
