combo_2:10{
(Hsphere{25},0.2346191[-34.60083,118.1005,97.15869]);
(Hsphere{25},0.239502[-24.57207,97.99016,107.7539]);
(Hsphere{25},0.2443848[-11.09327,75.74768,113.2346]);
(Hsphere{25},0.2493896[3.628368,54.75761,121.7228]);
(Hsphere{25},0.2542725[16.25446,38.92656,115.8601]);
(Hsphere{25},0.2591553[24.13805,29.61609,109.5293]);
(Hsphere{25},0.2640381[29.2306,23.36483,103.8586]);
(Hsphere{25},0.2694092[32.73299,19.16279,105.6491]);
(Hsphere{25},0.2738037[35.84199,16.55246,101.5922]);
(Hsphere{25},0.2786865[37.42118,15.97528,99.67189]);
(Hsphere{25},0.2835693[38.67885,16.15975,98.55028]);
(Hsphere{25},0.2885742[40.01365,16.5387,99.82164]);
(Hsphere{25},0.293457[41.50295,17.02501,98.79031]);
(Hsphere{25},0.2983398[42.97604,17.83225,97.9944]);
(Hsphere{25},0.3035889[44.48162,18.9522,97.30661]);
(Hsphere{25},0.3081055[46.08131,20.48404,97.99136]);
(Hsphere{25},0.3129883[47.44683,22.0797,97.33123]);
(Hsphere{25},0.3178711[48.87767,24.01644,96.48901]);
(Hsphere{25},0.322876[50.18248,26.08128,95.41284]);
(Hsphere{25},0.3277588[51.34415,28.31046,95.08479]);
(Hsphere{25},0.3326416[52.34573,30.63889,93.46307]);
(Hsphere{25},0.3376465[53.12387,32.98304,91.57393]);
(Hsphere{25},0.3424072[53.59896,35.3265,89.35863]);
(Hsphere{25},0.3475342[53.7577,37.51016,87.75571]);
(Hsphere{25},0.3521729[53.59434,39.68243,85.09579]);
}
