combo_2:5{
(Hsphere{13},0.2352295[-16.82979,58.06071,46.81525]);
(Hsphere{13},0.2401123[-11.4981,47.64246,56.63635]);
(Hsphere{13},0.2451172[-4.616753,36.51379,58.95874]);
(Hsphere{13},0.249939[2.838884,26.07952,57.91582]);
(Hsphere{13},0.2555542[8.67874,18.85901,54.9606]);
(Hsphere{13},0.2597046[12.87818,13.87927,51.32722]);
(Hsphere{13},0.2646484[14.86674,11.41747,53.91017]);
(Hsphere{13},0.2704468[16.56285,9.423025,51.65761]);
(Hsphere{13},0.2744751[18.14477,8.207186,49.59998]);
(Hsphere{13},0.2793579[18.80445,8.031061,48.8303]);
(Hsphere{13},0.2845459[19.41536,8.154156,49.78211]);
(Hsphere{13},0.2892456[20.15296,8.352272,49.25291]);
(Hsphere{13},0.2940063[20.86625,8.614067,48.78122]);
(Hsphere{13},0.2992554[21.58115,9.026704,48.40657]);
(Hsphere{13},0.303833[22.38086,9.643795,48.78492]);
(Hsphere{13},0.3092651[23.07378,10.3268,48.45968]);
(Hsphere{13},0.3136597[23.89741,11.31147,48.05264]);
(Hsphere{13},0.3192749[24.52543,12.18431,47.66376]);
(Hsphere{13},0.3234253[25.26011,13.3945,47.56528]);
(Hsphere{13},0.3292847[25.74035,14.34914,46.96772]);
(Hsphere{13},0.333252[26.31043,15.74329,45.96474]);
(Hsphere{13},0.3381958[26.60481,16.69855,45.16862]);
(Hsphere{13},0.3430176[26.81815,17.8561,44.43289]);
(Hsphere{13},0.3479004[26.87802,18.93892,43.23894]);
(Hsphere{13},0.3528442[26.784,19.97023,41.9621]);
}
