combo_2:2{
(Hsphere{5.8},0.235199[-6.378357,22.52717,20.01637]);
(Hsphere{5.8},0.2402954[-4.616052,19.14673,21.59872]);
(Hsphere{5.8},0.2449951[-1.727666,14.48727,22.54774]);
(Hsphere{5.8},0.2503052[1.072275,10.57418,24.035]);
(Hsphere{5.8},0.2547913[3.623126,7.425279,22.72481]);
(Hsphere{5.8},0.2603149[4.980092,5.818962,21.5557]);
(Hsphere{5.8},0.2645874[6.042258,4.507862,20.32206]);
(Hsphere{5.8},0.2695007[6.62433,3.829612,20.7771]);
(Hsphere{5.8},0.2752991[7.17888,3.383258,20.05479]);
(Hsphere{5.8},0.2792969[7.567691,3.272422,19.59946]);
(Hsphere{5.8},0.2843018[7.766334,3.320155,19.43769]);
(Hsphere{5.8},0.2892151[8.046916,3.395843,19.63684]);
(Hsphere{5.8},0.2943115[8.344235,3.502869,19.43859]);
(Hsphere{5.8},0.2988892[8.650508,3.681105,19.27876]);
(Hsphere{5.8},0.3043213[8.93051,3.896804,19.15267]);
(Hsphere{5.8},0.3086853[9.260816,4.222894,19.2583]);
(Hsphere{5.8},0.3140564[9.526403,4.540165,19.1277]);
(Hsphere{5.8},0.318512[9.835719,4.96931,18.93636]);
(Hsphere{5.8},0.3240662[10.06726,5.347905,18.73192]);
(Hsphere{5.8},0.3283081[10.32551,5.860556,18.59797]);
(Hsphere{5.8},0.3340759[10.49183,6.264087,18.30923]);
(Hsphere{5.8},0.3381042[10.66121,6.816576,17.84854]);
(Hsphere{5.8},0.3430786[10.72719,7.193727,17.48076]);
(Hsphere{5.8},0.3479004[10.75193,7.641234,16.98734]);
(Hsphere{5.8},0.3528137[10.71461,8.045739,16.63962]);
}
