combo_2:3{
(Hsphere{8.200001},0.2352295[-10.09782,34.87543,30.07064]);
(Hsphere{8.200001},0.2409668[-6.915449,28.65378,33.1444]);
(Hsphere{8.200001},0.2449951[-1.982631,20.78005,34.58232]);
(Hsphere{8.200001},0.2498779[1.618261,15.79784,33.95206]);
(Hsphere{8.200001},0.2548828[5.2073,11.35447,35.04593]);
(Hsphere{8.200001},0.2597046[7.506474,8.634119,33.09528]);
(Hsphere{8.200001},0.2650146[8.920066,6.889603,31.46705]);
(Hsphere{8.200001},0.2695313[10.01406,5.615667,30.01588]);
(Hsphere{8.200001},0.2744141[10.76877,5.025002,30.40466]);
(Hsphere{8.200001},0.2792969[11.27894,4.857861,29.79451]);
(Hsphere{8.200001},0.2850342[11.64923,4.931633,29.48054]);
(Hsphere{8.200001},0.2891235[12.13581,5.062277,29.1305]);
(Hsphere{8.200001},0.2940063[12.50666,5.201394,29.37012]);
(Hsphere{8.200001},0.2988892[12.9487,5.455169,29.13768]);
(Hsphere{8.200001},0.303833[13.39571,5.797296,28.93577]);
(Hsphere{8.200001},0.3087158[13.84427,6.235236,28.72625]);
(Hsphere{8.200001},0.3136597[14.28953,6.762825,28.87853]);
(Hsphere{8.200001},0.3186646[14.71851,7.354539,28.61654]);
(Hsphere{8.200001},0.3235474[15.11129,7.993946,28.27316]);
(Hsphere{8.200001},0.3286743[15.4518,8.664986,27.85538]);
(Hsphere{8.200001},0.3331909[15.75569,9.399478,27.60726]);
(Hsphere{8.200001},0.3386841[15.96105,10.0513,27.06924]);
(Hsphere{8.200001},0.3430176[16.09856,10.81942,26.32373]);
(Hsphere{8.200001},0.3479004[16.12681,11.40251,25.67668]);
(Hsphere{8.200001},0.3527832[16.0704,12.02129,25.09334]);
}
