combo_2:6{
(Hsphere{15.4},0.2351685[-19.96236,69.14577,56.60726]);
(Hsphere{15.4},0.2404785[-13.83106,57.20999,68.0211]);
(Hsphere{15.4},0.2449951[-4.808374,42.70483,70.87699]);
(Hsphere{15.4},0.2504883[3.236368,31.49802,69.63658]);
(Hsphere{15.4},0.2547607[11.09411,21.81386,65.54706]);
(Hsphere{15.4},0.260498[14.94722,17.24979,67.34109]);
(Hsphere{15.4},0.2645874[18.21384,13.21692,63.53247]);
(Hsphere{15.4},0.2694702[19.87542,11.28806,61.31469]);
(Hsphere{15.4},0.274353[21.53754,9.952149,59.14983]);
(Hsphere{15.4},0.2792969[22.55785,9.617871,60.20016]);
(Hsphere{15.4},0.2841797[23.29844,9.765412,59.5722]);
(Hsphere{15.4},0.2892456[24.12223,9.987965,58.98345]);
(Hsphere{15.4},0.2942505[25.04646,10.32062,58.36707]);
(Hsphere{15.4},0.2988892[25.95098,10.84892,58.84391]);
(Hsphere{15.4},0.303772[26.79142,11.49673,58.4655]);
(Hsphere{15.4},0.3093262[27.68855,12.37262,58.04645]);
(Hsphere{15.4},0.3135986[28.69272,13.57485,57.54935]);
(Hsphere{15.4},0.3193359[29.43052,14.60163,57.79583]);
(Hsphere{15.4},0.3233643[30.3252,16.07796,56.99322]);
(Hsphere{15.4},0.3288574[30.88841,17.1994,56.29054]);
(Hsphere{15.4},0.3331909[31.53561,18.7683,55.16809]);
(Hsphere{15.4},0.3388672[31.9221,20.00471,54.67147]);
(Hsphere{15.4},0.3429565[32.20417,21.60768,53.11032]);
(Hsphere{15.4},0.3479004[32.25363,22.70713,51.88638]);
(Hsphere{15.4},0.3527832[32.1408,23.94471,50.35417]);
}
