combo_2:4{
(Hsphere{10.6},0.2359009[-13.46389,46.4683,39.41954]);
(Hsphere{10.6},0.2401123[-8.514203,36.9457,43.93282]);
(Hsphere{10.6},0.2449951[-3.693402,29.2306,45.38989]);
(Hsphere{10.6},0.249939[2.157466,21.03146,48.36297]);
(Hsphere{10.6},0.2548218[6.942992,15.10678,45.9593]);
(Hsphere{10.6},0.2597046[9.964849,11.53243,43.40295]);
(Hsphere{10.6},0.2645874[11.8934,9.153547,41.18745]);
(Hsphere{10.6},0.2695313[13.25028,7.557991,41.87542]);
(Hsphere{10.6},0.2744141[14.35836,6.667386,40.43218]);
(Hsphere{10.6},0.2794189[15.03858,6.444535,39.61866]);
(Hsphere{10.6},0.2841797[15.54136,6.545963,39.19365]);
(Hsphere{10.6},0.2891235[16.08148,6.691262,39.63194]);
(Hsphere{10.6},0.2940063[16.67555,6.902575,39.23392]);
(Hsphere{10.6},0.2989502[17.26492,7.240933,38.924]);
(Hsphere{10.6},0.303833[17.86955,7.704433,38.65102]);
(Hsphere{10.6},0.3088989[18.45906,8.281054,38.91423]);
(Hsphere{10.6},0.3135986[19.07553,9.013791,38.61159]);
(Hsphere{10.6},0.3189087[19.62034,9.767015,38.27753]);
(Hsphere{10.6},0.3234253[20.17126,10.66756,37.79211]);
(Hsphere{10.6},0.3287354[20.59227,11.49887,37.67702]);
(Hsphere{10.6},0.3331909[21.01349,12.51632,36.95074]);
(Hsphere{10.6},0.3381348[21.28139,13.36908,36.24598]);
(Hsphere{10.6},0.3430176[21.453,14.292,35.35726]);
(Hsphere{10.6},0.3481445[21.50242,15.17071,34.67499]);
(Hsphere{10.6},0.3527832[21.42001,16.03678,33.60001]);
}
