combo_2:1{
(Hsphere{3.4},0.235199[-3.365973,11.69046,9.441404]);
(Hsphere{3.4},0.2400818[-2.305177,9.616545,10.46602]);
(Hsphere{3.4},0.2449951[-0.9233506,7.381038,11.85933]);
(Hsphere{3.4},0.2499084[0.5393946,5.331213,11.6606]);
(Hsphere{3.4},0.2548828[1.735748,3.850082,11.0597]);
(Hsphere{3.4},0.2597046[2.501144,2.944496,10.4105]);
(Hsphere{3.4},0.264679[2.973349,2.361775,10.58419]);
(Hsphere{3.4},0.2695007[3.318553,1.956745,10.12584]);
(Hsphere{3.4},0.2744751[3.58959,1.740234,9.772869]);
(Hsphere{3.4},0.2792969[3.761714,1.684479,9.567373]);
(Hsphere{3.4},0.2848816[3.883071,1.709113,9.735538]);
(Hsphere{3.4},0.2897034[4.041361,1.751585,9.621714]);
(Hsphere{3.4},0.2940063[4.187132,1.807843,9.527357]);
(Hsphere{3.4},0.2988892[4.316228,1.883621,9.46043]);
(Hsphere{3.4},0.3038025[4.465232,1.997665,9.515448]);
(Hsphere{3.4},0.3086853[4.614756,2.143644,9.445606]);
(Hsphere{3.4},0.3139343[4.763174,2.319507,9.372982]);
(Hsphere{3.4},0.3184814[4.914872,2.529722,9.279395]);
(Hsphere{3.4},0.3233948[5.033531,2.723451,9.262173]);
(Hsphere{3.4},0.3283081[5.148069,2.948112,9.122746]);
(Hsphere{3.4},0.3331909[5.245732,3.181588,8.957191]);
(Hsphere{3.4},0.3381042[5.32035,3.415665,8.764984]);
(Hsphere{3.4},0.3429871[5.363251,3.646391,8.605228]);
(Hsphere{3.4},0.3480835[5.375605,3.866068,8.36322]);
(Hsphere{3.4},0.3527832[5.355454,4.080063,8.097768]);
}
