crawler_jump_0:3{
(Hsphere{9},0.1759644[0.2169259,35.39918,13.48948]);
(Hsphere{9},0.1813354[0.2169259,35.39918,13.48948]);
(Hsphere{9},0.1860352[0.2169259,35.39918,13.48948]);
(Hsphere{9},0.1906128[0.2169259,35.39918,13.48948]);
(Hsphere{9},0.1959839[0.2169259,37.60718,14.68948]);
(Hsphere{9},0.2003784[0.2169259,37.60718,14.68948]);
(Hsphere{9},0.2052612[0.2169259,37.60718,14.68948]);
(Hsphere{9},0.2102051[0.2169259,37.60718,14.68948]);
(Hsphere{9},0.2150879[0.2169259,39.76718,15.88948]);
(Hsphere{9},0.2199707[0.2169259,39.76718,15.88948]);
(Hsphere{9},0.2248535[0.2169259,39.76718,15.88948]);
(Hsphere{9},0.2297974[0.2169259,39.76718,15.88948]);
(Hsphere{9},0.2346802[0.2169259,41.87918,17.08948]);
(Hsphere{9},0.2397461[0.2169259,41.87918,17.08948]);
(Hsphere{9},0.2445068[0.2169259,41.87918,17.08948]);
(Hsphere{9},0.2497559[0.2169259,41.87918,17.08948]);
(Hsphere{9},0.2542725[0.2169259,43.94318,18.28948]);
(Hsphere{9},0.2597656[0.2169259,43.94318,18.28948]);
(Hsphere{9},0.2640991[0.2169259,43.94318,18.28948]);
(Hsphere{9},0.2689819[0.2169259,43.94318,18.28948]);
(Hsphere{9},0.2738647[0.2169259,45.95918,19.48948]);
(Hsphere{9},0.2788086[0.2169259,45.95918,19.48948]);
(Hsphere{9},0.2836914[0.2169259,45.95918,19.48948]);
(Hsphere{9},0.2888184[0.2169259,45.95918,19.48948]);
(Hsphere{9},0.293457[0.2169259,47.92718,20.68948]);
(Hsphere{9},0.2989502[0.2169259,47.92718,20.68948]);
(Hsphere{9},0.3032837[0.2169259,47.92718,20.68948]);
(Hsphere{9},0.30896[0.2169259,47.92718,20.68948]);
(Hsphere{9},0.3131104[0.2169259,49.84718,21.88948]);
(Hsphere{9},0.3179932[0.2169259,49.84718,21.88948]);
(Hsphere{9},0.322937[0.2169259,49.84718,21.88948]);
(Hsphere{9},0.3283691[0.2169259,49.84718,21.88948]);
(Hsphere{9},0.3327026[0.2169259,51.71917,23.08948]);
(Hsphere{9},0.3375854[0.2169259,51.71917,23.08948]);
(Hsphere{9},0.3425903[0.2169259,51.71917,23.08948]);
(Hsphere{9},0.3474121[0.2169259,51.71917,23.08948]);
(Hsphere{9},0.3526001[0.2169259,53.54317,24.28947]);
(Hsphere{9},0.3571777[0.2169259,53.54317,24.28947]);
(Hsphere{9},0.3620605[0.2169259,53.54317,24.28947]);
(Hsphere{9},0.3670044[0.2169259,53.54317,24.28947]);
(Hsphere{9},0.3718872[0.2169259,53.54317,24.28947]);
(Hsphere{9},0.37677[0.2169259,55.31918,25.48948]);
(Hsphere{9},0.3816528[0.2169259,55.31918,25.48948]);
(Hsphere{9},0.3867798[0.2169259,55.31918,25.48948]);
(Hsphere{9},0.3914795[0.2169259,55.31918,25.48948]);
(Hsphere{9},0.3963623[0.2169259,57.04718,26.68948]);
(Hsphere{9},0.4013672[0.2169259,57.04718,26.68948]);
(Hsphere{9},0.4067383[0.2169259,57.04718,26.68948]);
(Hsphere{9},0.4110718[0.2169259,57.04718,26.68948]);
(Hsphere{9},0.4159546[0.2169259,58.72718,27.88948]);
(Hsphere{9},0.4210205[0.2169259,58.72718,27.88948]);
(Hsphere{9},0.4264526[0.2169259,58.72718,27.88948]);
(Hsphere{9},0.4306641[0.2169259,58.72718,27.88948]);
(Hsphere{9},0.4356079[0.2169259,60.35918,29.08948]);
(Hsphere{9},0.4404907[0.2169259,60.35918,29.08948]);
(Hsphere{9},0.4453735[0.2169259,60.35918,29.08948]);
(Hsphere{9},0.4502563[0.2169259,60.35918,29.08948]);
(Hsphere{9},0.4552002[0.2169259,61.94318,30.28948]);
(Hsphere{9},0.460083[0.2169259,61.94318,30.28948]);
(Hsphere{9},0.4649658[0.2169259,61.94318,30.28948]);
(Hsphere{9},0.4699097[0.2169259,61.94318,30.28948]);
(Hsphere{9},0.4747925[0.2169259,63.47918,31.48948]);
(Hsphere{9},0.4796753[0.2169259,63.47918,31.48948]);
(Hsphere{9},0.4845581[0.2169259,63.47918,31.48948]);
(Hsphere{9},0.489624[0.2169259,63.47918,31.48948]);
(Hsphere{9},0.4943848[0.2169259,64.96718,32.68948]);
(Hsphere{9},0.4995117[0.2169259,64.96718,32.68948]);
(Hsphere{9},0.5042114[0.2169259,64.96718,32.68948]);
(Hsphere{9},0.5095215[0.2169259,64.96718,32.68948]);
(Hsphere{9},0.5139771[0.2169259,66.40717,33.88948]);
(Hsphere{9},0.5195313[0.2169259,66.40717,33.88948]);
(Hsphere{9},0.5238037[0.2169259,66.40717,33.88948]);
(Hsphere{9},0.5286865[0.2169259,66.40717,33.88948]);
(Hsphere{9},0.5335693[0.2169259,67.79917,35.08948]);
(Hsphere{9},0.5384521[0.2169259,67.79917,35.08948]);
(Hsphere{9},0.543396[0.2169259,67.79917,35.08948]);
(Hsphere{9},0.5482788[0.2169259,67.79917,35.08948]);
(Hsphere{9},0.5537109[0.2169259,69.14317,36.28948]);
(Hsphere{9},0.5581055[0.2169259,69.14317,36.28948]);
(Hsphere{9},0.5634155[0.2169259,69.14317,36.28948]);
(Hsphere{9},0.5678711[0.2169259,69.14317,36.28948]);
(Hsphere{9},0.5734253[0.2169259,70.43917,37.48948]);
(Hsphere{9},0.5776978[0.2169259,70.43917,37.48948]);
(Hsphere{9},0.5825806[0.2169259,70.43917,37.48948]);
(Hsphere{9},0.5874634[0.2169259,70.43917,37.48948]);
(Hsphere{9},0.5924072[0.2169259,70.43917,37.48948]);
(Hsphere{9},0.59729[0.2169259,71.68717,38.68948]);
(Hsphere{9},0.602356[0.2169259,71.68717,38.68948]);
(Hsphere{9},0.6070557[0.2169259,71.68717,38.68948]);
(Hsphere{9},0.6123657[0.2169259,71.68717,38.68948]);
(Hsphere{9},0.6168823[0.2169259,72.88717,39.88948]);
(Hsphere{9},0.6223755[0.2169259,72.88717,39.88948]);
(Hsphere{9},0.626709[0.2169259,72.88717,39.88948]);
(Hsphere{9},0.6323853[0.2169259,72.88717,39.88948]);
(Hsphere{9},0.6364746[0.2169259,74.03917,41.08949]);
(Hsphere{9},0.6414185[0.2169259,74.03917,41.08949]);
(Hsphere{9},0.6463013[0.2169259,74.03917,41.08949]);
(Hsphere{9},0.6514282[0.2169259,74.03917,41.08949]);
(Hsphere{9},0.6564331[0.2169259,75.14317,42.28949]);
(Hsphere{9},0.6610107[0.2169259,75.14317,42.28949]);
(Hsphere{9},0.6663818[0.2169259,75.14317,42.28949]);
(Hsphere{9},0.6707764[0.2169259,75.14317,42.28949]);
(Hsphere{9},0.6759033[0.2169259,76.19917,43.48949]);
(Hsphere{9},0.680603[0.2169259,76.19917,43.48949]);
(Hsphere{9},0.6854858[0.2169259,76.19917,43.48949]);
(Hsphere{9},0.6912231[0.2169259,76.19917,43.48949]);
(Hsphere{9},0.6953125[0.2169259,77.20716,44.68949]);
(Hsphere{9},0.7011108[0.2169259,77.20716,44.68949]);
(Hsphere{9},0.7051392[0.2169259,77.20716,44.68949]);
(Hsphere{9},0.7099609[0.2169259,77.20716,44.68949]);
(Hsphere{9},0.7151489[0.2169259,78.16716,45.88949]);
(Hsphere{9},0.7200928[0.2169259,78.16716,45.88949]);
(Hsphere{9},0.7246704[0.2169259,78.16716,45.88949]);
(Hsphere{9},0.7295532[0.2169259,78.16716,45.88949]);
(Hsphere{9},0.7351074[0.2169259,79.07916,47.08949]);
(Hsphere{9},0.7393799[0.2169259,79.07916,47.08949]);
(Hsphere{9},0.7451782[0.2169259,79.07916,47.08949]);
(Hsphere{9},0.7492065[0.2169259,79.07916,47.08949]);
(Hsphere{9},0.7541504[0.2169259,79.94316,48.28949]);
(Hsphere{9},0.7589722[0.2169259,79.94316,48.28949]);
(Hsphere{9},0.763855[0.2169259,79.94316,48.28949]);
(Hsphere{9},0.769165[0.2169259,79.94316,48.28949]);
(Hsphere{9},0.7736816[0.2169259,80.75916,49.48949]);
(Hsphere{9},0.7785645[0.2169259,80.75916,49.48949]);
(Hsphere{9},0.7835083[0.2169259,80.75916,49.48949]);
(Hsphere{9},0.7893677[0.2169259,80.75916,49.48949]);
(Hsphere{9},0.793396[0.2169259,81.52716,50.68949]);
(Hsphere{9},0.7981567[0.2169259,81.52716,50.68949]);
(Hsphere{9},0.8031006[0.2169259,81.52716,50.68949]);
(Hsphere{9},0.8085327[0.2169259,81.52716,50.68949]);
(Hsphere{9},0.8128662[0.2169259,82.24716,51.88949]);
(Hsphere{9},0.8180542[0.2169259,82.24716,51.88949]);
(Hsphere{9},0.8226929[0.2169259,82.24716,51.88949]);
(Hsphere{9},0.828064[0.2169259,82.24716,51.88949]);
(Hsphere{9},0.8324585[0.2169259,82.91916,53.08949]);
(Hsphere{9},0.8380737[0.2169259,82.91916,53.08949]);
(Hsphere{9},0.8422852[0.2169259,82.91916,53.08949]);
(Hsphere{9},0.847168[0.2169259,82.91916,53.08949]);
(Hsphere{9},0.8521118[0.2169259,82.91916,53.08949]);
(Hsphere{9},0.8569946[0.2169259,83.54316,54.28949]);
(Hsphere{9},0.8618774[0.2169259,83.54316,54.28949]);
(Hsphere{9},0.8670654[0.2169259,83.54316,54.28949]);
(Hsphere{9},0.8717041[0.2169259,83.54316,54.28949]);
(Hsphere{9},0.8765869[0.2169259,84.11916,55.48949]);
(Hsphere{9},0.8823853[0.2169259,84.11916,55.48949]);
(Hsphere{9},0.8863525[0.2169259,84.11916,55.48949]);
(Hsphere{9},0.8913574[0.2169259,84.11916,55.48949]);
(Hsphere{9},0.8964233[0.2169259,84.64716,56.6895]);
(Hsphere{9},0.901062[0.2169259,84.64716,56.6895]);
(Hsphere{9},0.906311[0.2169259,84.64716,56.6895]);
(Hsphere{9},0.9108887[0.2169259,84.64716,56.6895]);
(Hsphere{9},0.9157715[0.2169259,85.12715,57.8895]);
(Hsphere{9},0.9210205[0.2169259,85.12715,57.8895]);
(Hsphere{9},0.9255981[0.2169259,85.12715,57.8895]);
(Hsphere{9},0.930481[0.2169259,85.12715,57.8895]);
(Hsphere{9},0.9353638[0.2169259,85.55915,59.0895]);
(Hsphere{9},0.9403076[0.2169259,85.55915,59.0895]);
(Hsphere{9},0.9453125[0.2169259,85.55915,59.0895]);
(Hsphere{9},0.9500732[0.2169259,85.55915,59.0895]);
(Hsphere{9},0.9553223[0.2169259,85.94315,60.2895]);
(Hsphere{9},0.9598999[0.2169259,85.94315,60.2895]);
(Hsphere{9},0.965332[0.2169259,85.94315,60.2895]);
(Hsphere{9},0.9696655[0.2169259,85.94315,60.2895]);
(Hsphere{9},0.9753418[0.2169259,86.27915,61.4895]);
(Hsphere{9},0.9794922[0.2169259,86.27915,61.4895]);
(Hsphere{9},0.984375[0.2169259,86.27915,61.4895]);
(Hsphere{9},0.9893188[0.2169259,86.27915,61.4895]);
(Hsphere{9},0.9942017[0.2169259,86.56715,62.6895]);
(Hsphere{9},0.9992065[0.2169259,86.56715,62.6895]);
(Hsphere{9},1.003967[0.2169259,86.56715,62.6895]);
(Hsphere{9},1.009216[0.2169259,86.56715,62.6895]);
(Hsphere{9},1.013794[0.2169259,86.80715,63.8895]);
(Hsphere{9},1.019226[0.2169259,86.80715,63.8895]);
(Hsphere{9},1.02356[0.2169259,86.80715,63.8895]);
(Hsphere{9},1.029053[0.2169259,86.80715,63.8895]);
(Hsphere{9},1.033386[0.2169259,86.99915,65.0895]);
(Hsphere{9},1.039063[0.2169259,86.99915,65.0895]);
(Hsphere{9},1.043213[0.2169259,86.99915,65.0895]);
(Hsphere{9},1.048096[0.2169259,86.99915,65.0895]);
(Hsphere{9},1.05304[0.2169259,87.14315,66.28951]);
(Hsphere{9},1.058044[0.2169259,87.14315,66.28951]);
(Hsphere{9},1.062805[0.2169259,87.14315,66.28951]);
(Hsphere{9},1.067688[0.2169259,87.14315,66.28951]);
(Hsphere{9},1.072571[0.2169259,87.23915,67.4895]);
(Hsphere{9},1.077454[0.2169259,87.23915,67.4895]);
(Hsphere{9},1.082397[0.2169259,87.23915,67.4895]);
(Hsphere{9},1.08728[0.2169259,87.23915,67.4895]);
(Hsphere{9},1.092224[0.2169259,87.23915,67.4895]);
(Hsphere{9},1.097107[0.2169259,87.28715,68.6895]);
(Hsphere{9},1.102051[0.2169259,87.28715,68.6895]);
(Hsphere{9},1.107056[0.2169259,87.28715,68.6895]);
(Hsphere{9},1.111755[0.2169259,87.28715,68.6895]);
(Hsphere{9},1.116699[0.2169259,87.28715,69.8895]);
(Hsphere{9},2.135864[-7.07392E-09,-0.05214882,120.524]);
}
