crawler_jump_0:1{
(Hsphere{3},0.1763916[0.0723086,14.21696,5.696492]);
(Hsphere{3},0.1813354[0.0723086,16.47296,6.896492]);
(Hsphere{3},0.1861877[0.0723086,16.47296,6.896492]);
(Hsphere{3},0.1913452[0.0723086,16.47296,6.896492]);
(Hsphere{3},0.1959839[0.0723086,16.47296,6.896492]);
(Hsphere{3},0.201355[0.0723086,18.68096,8.096492]);
(Hsphere{3},0.20578[0.0723086,18.68096,8.096492]);
(Hsphere{3},0.2113647[0.0723086,18.68096,8.096492]);
(Hsphere{3},0.2155762[0.0723086,18.68096,8.096492]);
(Hsphere{3},0.22052[0.0723086,18.68096,8.096492]);
(Hsphere{3},0.225769[0.0723086,20.84096,9.296492]);
(Hsphere{3},0.2302856[0.0723086,20.84096,9.296492]);
(Hsphere{3},0.235199[0.0723086,20.84096,9.296492]);
(Hsphere{3},0.2400818[0.0723086,20.84096,9.296492]);
(Hsphere{3},0.2449951[0.0723086,22.95296,10.49649]);
(Hsphere{3},0.2498779[0.0723086,22.95296,10.49649]);
(Hsphere{3},0.2548828[0.0723086,22.95296,10.49649]);
(Hsphere{3},0.2596741[0.0723086,22.95296,10.49649]);
(Hsphere{3},0.2648315[0.0723086,25.01696,11.69649]);
(Hsphere{3},0.2695007[0.0723086,25.01696,11.69649]);
(Hsphere{3},0.2748413[0.0723086,25.01696,11.69649]);
(Hsphere{3},0.2792969[0.0723086,25.01696,11.69649]);
(Hsphere{3},0.2848511[0.0723086,27.03296,12.89649]);
(Hsphere{3},0.289093[0.0723086,27.03296,12.89649]);
(Hsphere{3},0.2939758[0.0723086,27.03296,12.89649]);
(Hsphere{3},0.2988892[0.0723086,27.03296,12.89649]);
(Hsphere{3},0.3046265[0.0723086,29.00096,14.09649]);
(Hsphere{3},0.3086853[0.0723086,29.00096,14.09649]);
(Hsphere{3},0.3138428[0.0723086,29.00096,14.09649]);
(Hsphere{3},0.3184814[0.0723086,29.00096,14.09649]);
(Hsphere{3},0.3233948[0.0723086,30.92096,15.29649]);
(Hsphere{3},0.3282776[0.0723086,30.92096,15.29649]);
(Hsphere{3},0.3331909[0.0723086,30.92096,15.29649]);
(Hsphere{3},0.3380737[0.0723086,30.92096,15.29649]);
(Hsphere{3},0.3429871[0.0723086,32.79296,16.49649]);
(Hsphere{3},0.3479614[0.0723086,32.79296,16.49649]);
(Hsphere{3},0.3528748[0.0723086,32.79296,16.49649]);
(Hsphere{3},0.3576965[0.0723086,32.79296,16.49649]);
(Hsphere{3},0.362854[0.0723086,34.61696,17.69649]);
(Hsphere{3},0.3674927[0.0723086,34.61696,17.69649]);
(Hsphere{3},0.3728638[0.0723086,34.61696,17.69649]);
(Hsphere{3},0.3772888[0.0723086,34.61696,17.69649]);
(Hsphere{3},0.3828125[0.0723086,36.39296,18.89649]);
(Hsphere{3},0.387085[0.0723086,36.39296,18.89649]);
(Hsphere{3},0.3919983[0.0723086,36.39296,18.89649]);
(Hsphere{3},0.3968811[0.0723086,36.39296,18.89649]);
(Hsphere{3},0.4018555[0.0723086,38.12096,20.09649]);
(Hsphere{3},0.4066772[0.0723086,38.12096,20.09649]);
(Hsphere{3},0.4118652[0.0723086,38.12096,20.09649]);
(Hsphere{3},0.4164734[0.0723086,38.12096,20.09649]);
(Hsphere{3},0.421875[0.0723086,39.80096,21.29649]);
(Hsphere{3},0.4263[0.0723086,39.80096,21.29649]);
(Hsphere{3},0.4318848[0.0723086,39.80096,21.29649]);
(Hsphere{3},0.4360962[0.0723086,39.80096,21.29649]);
(Hsphere{3},0.440979[0.0723086,39.80096,21.29649]);
(Hsphere{3},0.4458923[0.0723086,41.43296,22.49649]);
(Hsphere{3},0.4508972[0.0723086,41.43296,22.49649]);
(Hsphere{3},0.4559021[0.0723086,41.43296,22.49649]);
(Hsphere{3},0.4606018[0.0723086,41.43296,22.49649]);
(Hsphere{3},0.4654846[0.0723086,43.01696,23.69649]);
(Hsphere{3},0.4703979[0.0723086,43.01696,23.69649]);
(Hsphere{3},0.4752808[0.0723086,43.01696,23.69649]);
(Hsphere{3},0.4801941[0.0723086,43.01696,23.69649]);
(Hsphere{3},0.4850769[0.0723086,44.55296,24.89649]);
(Hsphere{3},0.4899902[0.0723086,44.55296,24.89649]);
(Hsphere{3},0.494873[0.0723086,44.55296,24.89649]);
(Hsphere{3},0.4998474[0.0723086,44.55296,24.89649]);
(Hsphere{3},0.5048523[0.0723086,46.04096,26.09649]);
(Hsphere{3},0.5095825[0.0723086,46.04096,26.09649]);
(Hsphere{3},0.5148926[0.0723086,46.04096,26.09649]);
(Hsphere{3},0.5193787[0.0723086,46.04096,26.09649]);
(Hsphere{3},0.5249634[0.0723086,47.48096,27.2965]);
(Hsphere{3},0.5291748[0.0723086,47.48096,27.2965]);
(Hsphere{3},0.5340881[0.0723086,47.48096,27.2965]);
(Hsphere{3},0.5392151[0.0723086,47.48096,27.2965]);
(Hsphere{3},0.5438843[0.0723086,48.87296,28.4965]);
(Hsphere{3},0.5487976[0.0723086,48.87296,28.4965]);
(Hsphere{3},0.5536804[0.0723086,48.87296,28.4965]);
(Hsphere{3},0.5585938[0.0723086,48.87296,28.4965]);
(Hsphere{3},0.5634766[0.0723086,50.21696,29.6965]);
(Hsphere{3},0.5684814[0.0723086,50.21696,29.6965]);
(Hsphere{3},0.5742188[0.0723086,50.21696,29.6965]);
(Hsphere{3},0.5784912[0.0723086,50.21696,29.6965]);
(Hsphere{3},0.5830994[0.0723086,51.51295,30.8965]);
(Hsphere{3},0.5885315[0.0723086,51.51295,30.8965]);
(Hsphere{3},0.5928955[0.0723086,51.51295,30.8965]);
(Hsphere{3},0.5985107[0.0723086,51.51295,30.8965]);
(Hsphere{3},0.6026917[0.0723086,52.76096,32.0965]);
(Hsphere{3},0.6075745[0.0723086,52.76096,32.0965]);
(Hsphere{3},0.6125488[0.0723086,52.76096,32.0965]);
(Hsphere{3},0.6174927[0.0723086,52.76096,32.0965]);
(Hsphere{3},0.6224976[0.0723086,53.96095,33.2965]);
(Hsphere{3},0.6271973[0.0723086,53.96095,33.2965]);
(Hsphere{3},0.6324768[0.0723086,53.96095,33.2965]);
(Hsphere{3},0.6369934[0.0723086,53.96095,33.2965]);
(Hsphere{3},0.6418762[0.0723086,55.11295,34.4965]);
(Hsphere{3},0.6467896[0.0723086,55.11295,34.4965]);
(Hsphere{3},0.6517334[0.0723086,55.11295,34.4965]);
(Hsphere{3},0.6572876[0.0723086,55.11295,34.4965]);
(Hsphere{3},0.661499[0.0723086,56.21696,35.6965]);
(Hsphere{3},0.6663818[0.0723086,56.21696,35.6965]);
(Hsphere{3},0.6713257[0.0723086,56.21696,35.6965]);
(Hsphere{3},0.676178[0.0723086,56.21696,35.6965]);
(Hsphere{3},0.6810913[0.0723086,56.21696,35.6965]);
(Hsphere{3},0.6859741[0.0723086,57.27296,36.8965]);
(Hsphere{3},0.6908875[0.0723086,57.27296,36.8965]);
(Hsphere{3},0.6958618[0.0723086,57.27296,36.8965]);
(Hsphere{3},0.7006836[0.0723086,57.27296,36.8965]);
(Hsphere{3},0.705658[0.0723086,58.28095,38.0965]);
(Hsphere{3},0.7104797[0.0723086,58.28095,38.0965]);
(Hsphere{3},0.7156677[0.0723086,58.28095,38.0965]);
(Hsphere{3},0.7202759[0.0723086,58.28095,38.0965]);
(Hsphere{3},0.7254639[0.0723086,59.24095,39.2965]);
(Hsphere{3},0.7301025[0.0723086,59.24095,39.2965]);
(Hsphere{3},0.7349854[0.0723086,59.24095,39.2965]);
(Hsphere{3},0.7399292[0.0723086,59.24095,39.2965]);
(Hsphere{3},0.7447815[0.0723086,60.15295,40.49651]);
(Hsphere{3},0.7497559[0.0723086,60.15295,40.49651]);
(Hsphere{3},0.7549744[0.0723086,60.15295,40.49651]);
(Hsphere{3},0.759491[0.0723086,60.15295,40.49651]);
(Hsphere{3},0.7649536[0.0723086,61.01695,41.69651]);
(Hsphere{3},0.7692871[0.0723086,61.01695,41.69651]);
(Hsphere{3},0.7747803[0.0723086,61.01695,41.69651]);
(Hsphere{3},0.7790833[0.0723086,61.01695,41.69651]);
(Hsphere{3},0.7845764[0.0723086,61.83295,42.89651]);
(Hsphere{3},0.7888794[0.0723086,61.83295,42.89651]);
(Hsphere{3},0.7937927[0.0723086,61.83295,42.89651]);
(Hsphere{3},0.7987976[0.0723086,61.83295,42.89651]);
(Hsphere{3},0.8035889[0.0723086,62.60094,44.09651]);
(Hsphere{3},0.8087769[0.0723086,62.60094,44.09651]);
(Hsphere{3},0.813385[0.0723086,62.60094,44.09651]);
(Hsphere{3},0.8182983[0.0723086,62.60094,44.09651]);
(Hsphere{3},0.8231812[0.0723086,63.32095,45.29651]);
(Hsphere{3},0.8280945[0.0723086,63.32095,45.29651]);
(Hsphere{3},0.8330383[0.0723086,63.32095,45.29651]);
(Hsphere{3},0.8378906[0.0723086,63.32095,45.29651]);
(Hsphere{3},0.8430176[0.0723086,63.99294,46.49651]);
(Hsphere{3},0.8476868[0.0723086,63.99294,46.49651]);
(Hsphere{3},0.8530273[0.0723086,63.99294,46.49651]);
(Hsphere{3},0.8574829[0.0723086,63.99294,46.49651]);
(Hsphere{3},0.862854[0.0723086,64.61694,47.69651]);
(Hsphere{3},0.8672791[0.0723086,64.61694,47.69651]);
(Hsphere{3},0.8728333[0.0723086,64.61694,47.69651]);
(Hsphere{3},0.8770752[0.0723086,64.61694,47.69651]);
(Hsphere{3},0.8819885[0.0723086,65.19294,48.89651]);
(Hsphere{3},0.8869934[0.0723086,65.19294,48.89651]);
(Hsphere{3},0.8917847[0.0723086,65.19294,48.89651]);
(Hsphere{3},0.8967896[0.0723086,65.19294,48.89651]);
(Hsphere{3},0.9015808[0.0723086,65.72094,50.09651]);
(Hsphere{3},0.9067993[0.0723086,65.72094,50.09651]);
(Hsphere{3},0.911377[0.0723086,65.72094,50.09651]);
(Hsphere{3},0.9168091[0.0723086,65.72094,50.09651]);
(Hsphere{3},0.9211731[0.0723086,65.72094,50.09651]);
(Hsphere{3},0.9268188[0.0723086,66.20094,51.29651]);
(Hsphere{3},0.9309998[0.0723086,66.20094,51.29651]);
(Hsphere{3},0.9367371[0.0723086,66.20094,51.29651]);
(Hsphere{3},0.9407959[0.0723086,66.20094,51.29651]);
(Hsphere{3},0.9457397[0.0723086,66.63293,52.49651]);
(Hsphere{3},0.950592[0.0723086,66.63293,52.49651]);
(Hsphere{3},0.9559631[0.0723086,66.63293,52.49651]);
(Hsphere{3},0.9603882[0.0723086,66.63293,52.49651]);
(Hsphere{3},0.9659729[0.0723086,67.01694,53.69651]);
(Hsphere{3},0.9701843[0.0723086,67.01694,53.69651]);
(Hsphere{3},0.9750977[0.0723086,67.01694,53.69651]);
(Hsphere{3},0.9799805[0.0723086,67.01694,53.69651]);
(Hsphere{3},0.9848938[0.0723086,67.35294,54.89651]);
(Hsphere{3},0.9906006[0.0723086,67.35294,54.89651]);
(Hsphere{3},0.9956055[0.0723086,67.35294,54.89651]);
(Hsphere{3},0.9996033[0.0723086,67.35294,54.89651]);
(Hsphere{3},1.004547[0.0723086,67.64094,56.09652]);
(Hsphere{3},1.009399[0.0723086,67.64094,56.09652]);
(Hsphere{3},1.015045[0.0723086,67.64094,56.09652]);
(Hsphere{3},1.019196[0.0723086,67.64094,56.09652]);
(Hsphere{3},1.025055[0.0723086,67.88094,57.29652]);
(Hsphere{3},1.028992[0.0723086,67.88094,57.29652]);
(Hsphere{3},1.033875[0.0723086,67.88094,57.29652]);
(Hsphere{3},1.038788[0.0723086,67.88094,57.29652]);
(Hsphere{3},1.043701[0.0723086,68.07294,58.49652]);
(Hsphere{3},1.048584[0.0723086,68.07294,58.49652]);
(Hsphere{3},1.053497[0.0723086,68.07294,58.49652]);
(Hsphere{3},1.05838[0.0723086,68.07294,58.49652]);
(Hsphere{3},1.063324[0.0723086,68.21693,59.69652]);
(Hsphere{3},1.068176[0.0723086,68.21693,59.69652]);
(Hsphere{3},1.073944[0.0723086,68.21693,59.69652]);
(Hsphere{3},1.078003[0.0723086,68.21693,59.69652]);
(Hsphere{3},1.082886[0.0723086,68.31293,60.89652]);
(Hsphere{3},1.087799[0.0723086,68.31293,60.89652]);
(Hsphere{3},1.092712[0.0723086,68.31293,60.89652]);
(Hsphere{3},1.097595[0.0723086,68.31293,60.89652]);
(Hsphere{3},1.102722[0.0723086,68.36093,62.09652]);
(Hsphere{3},1.107391[0.0723086,68.36093,62.09652]);
(Hsphere{3},1.112396[0.0723086,68.36093,62.09652]);
(Hsphere{3},1.117188[0.0723086,68.36093,62.09652]);
(Hsphere{3},1.122406[0.0723086,68.36093,63.29652]);
(Hsphere{3},2.165955[-9.290023E-08,0.04785633,121.3405]);
}
