crawler_jump_0:10{
(Hsphere{30},0.1756592[0.7230863,101.7551,36.56492]);
(Hsphere{30},0.180542[0.7230863,101.7551,36.56492]);
(Hsphere{30},0.1859131[0.7230863,101.7551,36.56492]);
(Hsphere{30},0.1906738[0.7230863,103.9631,37.76492]);
(Hsphere{30},0.1954346[0.7230863,103.9631,37.76492]);
(Hsphere{30},0.2004395[0.7230863,103.9631,37.76492]);
(Hsphere{30},0.2050781[0.7230863,103.9631,37.76492]);
(Hsphere{30},0.2104492[0.7230863,106.1231,38.96492]);
(Hsphere{30},0.2148438[0.7230863,106.1231,38.96492]);
(Hsphere{30},0.220459[0.7230863,106.1231,38.96492]);
(Hsphere{30},0.2247314[0.7230863,106.1231,38.96492]);
(Hsphere{30},0.2296143[0.7230863,108.2351,40.16492]);
(Hsphere{30},0.2344971[0.7230863,108.2351,40.16492]);
(Hsphere{30},0.239502[0.7230863,108.2351,40.16492]);
(Hsphere{30},0.2443848[0.7230863,108.2351,40.16492]);
(Hsphere{30},0.2491455[0.7230863,110.2991,41.36492]);
(Hsphere{30},0.2543945[0.7230863,110.2991,41.36492]);
(Hsphere{30},0.2590332[0.7230863,110.2991,41.36492]);
(Hsphere{30},0.2641602[0.7230863,110.2991,41.36492]);
(Hsphere{30},0.2687988[0.7230863,112.3151,42.56492]);
(Hsphere{30},0.2741699[0.7230863,112.3151,42.56492]);
(Hsphere{30},0.2785645[0.7230863,112.3151,42.56492]);
(Hsphere{30},0.2841797[0.7230863,112.3151,42.56492]);
(Hsphere{30},0.2884521[0.7230863,112.3151,42.56492]);
(Hsphere{30},0.2939453[0.7230863,114.2831,43.76492]);
(Hsphere{30},0.2982178[0.7230863,114.2831,43.76492]);
(Hsphere{30},0.3039551[0.7230863,114.2831,43.76492]);
(Hsphere{30},0.3079834[0.7230863,114.2831,43.76492]);
(Hsphere{30},0.3128662[0.7230863,116.2031,44.96492]);
(Hsphere{30},0.317749[0.7230863,116.2031,44.96492]);
(Hsphere{30},0.3227539[0.7230863,116.2031,44.96492]);
(Hsphere{30},0.3276367[0.7230863,116.2031,44.96492]);
(Hsphere{30},0.3325195[0.7230863,118.0751,46.16492]);
(Hsphere{30},0.3374023[0.7230863,118.0751,46.16492]);
(Hsphere{30},0.3422852[0.7230863,118.0751,46.16492]);
(Hsphere{30},0.347168[0.7230863,118.0751,46.16492]);
(Hsphere{30},0.3520508[0.7230863,119.8991,47.36492]);
(Hsphere{30},0.3570557[0.7230863,119.8991,47.36492]);
(Hsphere{30},0.3619385[0.7230863,119.8991,47.36492]);
(Hsphere{30},0.3668213[0.7230863,119.8991,47.36492]);
(Hsphere{30},0.3719482[0.7230863,121.6751,48.56492]);
(Hsphere{30},0.3765869[0.7230863,121.6751,48.56492]);
(Hsphere{30},0.381958[0.7230863,121.6751,48.56492]);
(Hsphere{30},0.3863525[0.7230863,121.6751,48.56492]);
(Hsphere{30},0.3913574[0.7230863,123.4031,49.76492]);
(Hsphere{30},0.3967285[0.7230863,123.4031,49.76492]);
(Hsphere{30},0.401123[0.7230863,123.4031,49.76492]);
(Hsphere{30},0.4060059[0.7230863,123.4031,49.76492]);
(Hsphere{30},0.4108887[0.7230863,125.0831,50.96492]);
(Hsphere{30},0.4157715[0.7230863,125.0831,50.96492]);
(Hsphere{30},0.4207764[0.7230863,125.0831,50.96492]);
(Hsphere{30},0.4260254[0.7230863,125.0831,50.96492]);
(Hsphere{30},0.4307861[0.7230863,126.7151,52.16492]);
(Hsphere{30},0.4354248[0.7230863,126.7151,52.16492]);
(Hsphere{30},0.4407959[0.7230863,126.7151,52.16492]);
(Hsphere{30},0.4451904[0.7230863,126.7151,52.16492]);
(Hsphere{30},0.4508057[0.7230863,128.2991,53.36492]);
(Hsphere{30},0.4549561[0.7230863,128.2991,53.36492]);
(Hsphere{30},0.4599609[0.7230863,128.2991,53.36492]);
(Hsphere{30},0.4648438[0.7230863,128.2991,53.36492]);
(Hsphere{30},0.4697266[0.7230863,129.8351,54.56492]);
(Hsphere{30},0.4747314[0.7230863,129.8351,54.56492]);
(Hsphere{30},0.4794922[0.7230863,129.8351,54.56492]);
(Hsphere{30},0.4846191[0.7230863,129.8351,54.56492]);
(Hsphere{30},0.4892578[0.7230863,131.3231,55.76492]);
(Hsphere{30},0.4943848[0.7230863,131.3231,55.76492]);
(Hsphere{30},0.4991455[0.7230863,131.3231,55.76492]);
(Hsphere{30},0.5043945[0.7230863,131.3231,55.76492]);
(Hsphere{30},0.5089111[0.7230863,132.7631,56.96492]);
(Hsphere{30},0.5144043[0.7230863,132.7631,56.96492]);
(Hsphere{30},0.5186768[0.7230863,132.7631,56.96492]);
(Hsphere{30},0.5235596[0.7230863,132.7631,56.96492]);
(Hsphere{30},0.5284424[0.7230863,132.7631,56.96492]);
(Hsphere{30},0.5334473[0.7230863,134.1551,58.16492]);
(Hsphere{30},0.5383301[0.7230863,134.1551,58.16492]);
(Hsphere{30},0.5432129[0.7230863,134.1551,58.16492]);
(Hsphere{30},0.5480957[0.7230863,134.1551,58.16492]);
(Hsphere{30},0.5529785[0.7230863,135.4991,59.36493]);
(Hsphere{30},0.5578613[0.7230863,135.4991,59.36493]);
(Hsphere{30},0.5627441[0.7230863,135.4991,59.36493]);
(Hsphere{30},0.567749[0.7230863,135.4991,59.36493]);
(Hsphere{30},0.5726318[0.7230863,136.7951,60.56493]);
(Hsphere{30},0.5775146[0.7230863,136.7951,60.56493]);
(Hsphere{30},0.5825195[0.7230863,136.7951,60.56493]);
(Hsphere{30},0.5872803[0.7230863,136.7951,60.56493]);
(Hsphere{30},0.5924072[0.7230863,138.0431,61.76493]);
(Hsphere{30},0.5970459[0.7230863,138.0431,61.76493]);
(Hsphere{30},0.6020508[0.7230863,138.0431,61.76493]);
(Hsphere{30},0.6069336[0.7230863,138.0431,61.76493]);
(Hsphere{30},0.6119385[0.7230863,139.2431,62.96493]);
(Hsphere{30},0.6166992[0.7230863,139.2431,62.96493]);
(Hsphere{30},0.6218262[0.7230863,139.2431,62.96493]);
(Hsphere{30},0.6264648[0.7230863,139.2431,62.96493]);
(Hsphere{30},0.6318359[0.7230863,140.3951,64.16493]);
(Hsphere{30},0.6363525[0.7230863,140.3951,64.16493]);
(Hsphere{30},0.6414795[0.7230863,140.3951,64.16493]);
(Hsphere{30},0.6461182[0.7230863,140.3951,64.16493]);
(Hsphere{30},0.651001[0.7230863,141.4991,65.36493]);
(Hsphere{30},0.6560059[0.7230863,141.4991,65.36493]);
(Hsphere{30},0.6607666[0.7230863,141.4991,65.36493]);
(Hsphere{30},0.6660156[0.7230863,141.4991,65.36493]);
(Hsphere{30},0.6706543[0.7230863,142.5551,66.56493]);
(Hsphere{30},0.6760254[0.7230863,142.5551,66.56493]);
(Hsphere{30},0.6804199[0.7230863,142.5551,66.56493]);
(Hsphere{30},0.6859131[0.7230863,142.5551,66.56493]);
(Hsphere{30},0.6901855[0.7230863,143.5631,67.76493]);
(Hsphere{30},0.6950684[0.7230863,143.5631,67.76493]);
(Hsphere{30},0.6999512[0.7230863,143.5631,67.76493]);
(Hsphere{30},0.7049561[0.7230863,143.5631,67.76493]);
(Hsphere{30},0.7098389[0.7230863,144.5231,68.96494]);
(Hsphere{30},0.7147217[0.7230863,144.5231,68.96494]);
(Hsphere{30},0.7197266[0.7230863,144.5231,68.96494]);
(Hsphere{30},0.7247314[0.7230863,144.5231,68.96494]);
(Hsphere{30},0.7293701[0.7230863,145.4351,70.16493]);
(Hsphere{30},0.7347412[0.7230863,145.4351,70.16493]);
(Hsphere{30},0.7392578[0.7230863,145.4351,70.16493]);
(Hsphere{30},0.744751[0.7230863,145.4351,70.16493]);
(Hsphere{30},0.7490234[0.7230863,146.2991,71.36493]);
(Hsphere{30},0.7547607[0.7230863,146.2991,71.36493]);
(Hsphere{30},0.7587891[0.7230863,146.2991,71.36493]);
(Hsphere{30},0.7636719[0.7230863,146.2991,71.36493]);
(Hsphere{30},0.7685547[0.7230863,147.1151,72.56493]);
(Hsphere{30},0.7736816[0.7230863,147.1151,72.56493]);
(Hsphere{30},0.7784424[0.7230863,147.1151,72.56493]);
(Hsphere{30},0.7834473[0.7230863,147.1151,72.56493]);
(Hsphere{30},0.788208[0.7230863,147.1151,72.56493]);
(Hsphere{30},0.793457[0.7230863,147.8831,73.76494]);
(Hsphere{30},0.7979736[0.7230863,147.8831,73.76494]);
(Hsphere{30},0.8034668[0.7230863,147.8831,73.76494]);
(Hsphere{30},0.8078613[0.7230863,147.8831,73.76494]);
(Hsphere{30},0.8129883[0.7230863,148.6031,74.96494]);
(Hsphere{30},0.817627[0.7230863,148.6031,74.96494]);
(Hsphere{30},0.8225098[0.7230863,148.6031,74.96494]);
(Hsphere{30},0.8273926[0.7230863,148.6031,74.96494]);
(Hsphere{30},0.8322754[0.7230863,149.2751,76.16493]);
(Hsphere{30},0.8371582[0.7230863,149.2751,76.16493]);
(Hsphere{30},0.842041[0.7230863,149.2751,76.16493]);
(Hsphere{30},0.8470459[0.7230863,149.2751,76.16493]);
(Hsphere{30},0.8519287[0.7230863,149.8991,77.36494]);
(Hsphere{30},0.8575439[0.7230863,149.8991,77.36494]);
(Hsphere{30},0.8616943[0.7230863,149.8991,77.36494]);
(Hsphere{30},0.8673096[0.7230863,149.8991,77.36494]);
(Hsphere{30},0.87146[0.7230863,150.4751,78.56494]);
(Hsphere{30},0.876709[0.7230863,150.4751,78.56494]);
(Hsphere{30},0.8813477[0.7230863,150.4751,78.56494]);
(Hsphere{30},0.8862305[0.7230863,150.4751,78.56494]);
(Hsphere{30},0.8917236[0.7230863,151.0031,79.76494]);
(Hsphere{30},0.8959961[0.7230863,151.0031,79.76494]);
(Hsphere{30},0.9008789[0.7230863,151.0031,79.76494]);
(Hsphere{30},0.9060059[0.7230863,151.0031,79.76494]);
(Hsphere{30},0.9106445[0.7230863,151.4831,80.96494]);
(Hsphere{30},0.9160156[0.7230863,151.4831,80.96494]);
(Hsphere{30},0.9205322[0.7230863,151.4831,80.96494]);
(Hsphere{30},0.9260254[0.7230863,151.4831,80.96494]);
(Hsphere{30},0.9302979[0.7230863,151.9151,82.16494]);
(Hsphere{30},0.9351807[0.7230863,151.9151,82.16494]);
(Hsphere{30},0.9401855[0.7230863,151.9151,82.16494]);
(Hsphere{30},0.9449463[0.7230863,151.9151,82.16494]);
(Hsphere{30},0.9501953[0.7230863,152.2991,83.36494]);
(Hsphere{30},0.954834[0.7230863,152.2991,83.36494]);
(Hsphere{30},0.9597168[0.7230863,152.2991,83.36494]);
(Hsphere{30},0.9645996[0.7230863,152.2991,83.36494]);
(Hsphere{30},0.9694824[0.7230863,152.6351,84.56494]);
(Hsphere{30},0.9743652[0.7230863,152.6351,84.56494]);
(Hsphere{30},0.9801025[0.7230863,152.6351,84.56494]);
(Hsphere{30},0.9842529[0.7230863,152.6351,84.56494]);
(Hsphere{30},0.9891357[0.7230863,152.9231,85.76494]);
(Hsphere{30},0.9940186[0.7230863,152.9231,85.76494]);
(Hsphere{30},0.9991455[0.7230863,152.9231,85.76494]);
(Hsphere{30},1.003784[0.7230863,152.9231,85.76494]);
(Hsphere{30},1.008667[0.7230863,153.1631,86.96494]);
(Hsphere{30},1.01416[0.7230863,153.1631,86.96494]);
(Hsphere{30},1.018555[0.7230863,153.1631,86.96494]);
(Hsphere{30},1.02417[0.7230863,153.1631,86.96494]);
(Hsphere{30},1.02832[0.7230863,153.1631,86.96494]);
(Hsphere{30},1.033203[0.7230863,153.3551,88.16495]);
(Hsphere{30},1.038086[0.7230863,153.3551,88.16495]);
(Hsphere{30},1.043213[0.7230863,153.3551,88.16495]);
(Hsphere{30},1.047852[0.7230863,153.3551,88.16495]);
(Hsphere{30},1.052856[0.7230863,153.4991,89.36494]);
(Hsphere{30},1.057739[0.7230863,153.4991,89.36494]);
(Hsphere{30},1.062622[0.7230863,153.4991,89.36494]);
(Hsphere{30},1.067505[0.7230863,153.4991,89.36494]);
(Hsphere{30},1.072388[0.7230863,153.5951,90.56494]);
(Hsphere{30},1.077271[0.7230863,153.5951,90.56494]);
(Hsphere{30},1.082153[0.7230863,153.5951,90.56494]);
(Hsphere{30},1.087158[0.7230863,153.5951,90.56494]);
(Hsphere{30},1.092041[0.7230863,153.6431,91.76495]);
(Hsphere{30},1.097778[0.7230863,153.6431,91.76495]);
(Hsphere{30},1.101807[0.7230863,153.6431,91.76495]);
(Hsphere{30},1.106934[0.7230863,153.6431,91.76495]);
(Hsphere{30},1.111572[0.7230863,153.6431,92.96495]);
(Hsphere{30},2.151001[-1.497659E-07,-0.4935837,121.4918]);
}
