crawler_jump_0:6{
(Hsphere{18},0.1762695[0.4338518,63.78891,23.37895]);
(Hsphere{18},0.1811523[0.4338518,63.78891,23.37895]);
(Hsphere{18},0.1860352[0.4338518,65.99692,24.57895]);
(Hsphere{18},0.19104[0.4338518,65.99692,24.57895]);
(Hsphere{18},0.1959229[0.4338518,65.99692,24.57895]);
(Hsphere{18},0.2008057[0.4338518,65.99692,24.57895]);
(Hsphere{18},0.2056885[0.4338518,68.15691,25.77895]);
(Hsphere{18},0.2105713[0.4338518,68.15691,25.77895]);
(Hsphere{18},0.2161865[0.4338518,68.15691,25.77895]);
(Hsphere{18},0.2203369[0.4338518,68.15691,25.77895]);
(Hsphere{18},0.2253418[0.4338518,70.26891,26.97895]);
(Hsphere{18},0.2302246[0.4338518,70.26891,26.97895]);
(Hsphere{18},0.2351074[0.4338518,70.26891,26.97895]);
(Hsphere{18},0.2399902[0.4338518,70.26891,26.97895]);
(Hsphere{18},0.244873[0.4338518,72.33292,28.17895]);
(Hsphere{18},0.2498779[0.4338518,72.33292,28.17895]);
(Hsphere{18},0.2546387[0.4338518,72.33292,28.17895]);
(Hsphere{18},0.2602539[0.4338518,72.33292,28.17895]);
(Hsphere{18},0.2650146[0.4338518,74.34892,29.37895]);
(Hsphere{18},0.2694092[0.4338518,74.34892,29.37895]);
(Hsphere{18},0.274292[0.4338518,74.34892,29.37895]);
(Hsphere{18},0.2799072[0.4338518,74.34892,29.37895]);
(Hsphere{18},0.2840576[0.4338518,76.31692,30.57895]);
(Hsphere{18},0.2889404[0.4338518,76.31692,30.57895]);
(Hsphere{18},0.2943115[0.4338518,76.31692,30.57895]);
(Hsphere{18},0.2988281[0.4338518,76.31692,30.57895]);
(Hsphere{18},0.3037109[0.4338518,78.23692,31.77895]);
(Hsphere{18},0.3092041[0.4338518,78.23692,31.77895]);
(Hsphere{18},0.3134766[0.4338518,78.23692,31.77895]);
(Hsphere{18},0.3183594[0.4338518,78.23692,31.77895]);
(Hsphere{18},0.3232422[0.4338518,80.10892,32.97895]);
(Hsphere{18},0.3282471[0.4338518,80.10892,32.97895]);
(Hsphere{18},0.3331299[0.4338518,80.10892,32.97895]);
(Hsphere{18},0.3380127[0.4338518,80.10892,32.97895]);
(Hsphere{18},0.3428955[0.4338518,80.10892,32.97895]);
(Hsphere{18},0.3477783[0.4338518,81.93291,34.17895]);
(Hsphere{18},0.3535156[0.4338518,81.93291,34.17895]);
(Hsphere{18},0.3575439[0.4338518,81.93291,34.17895]);
(Hsphere{18},0.3625488[0.4338518,81.93291,34.17895]);
(Hsphere{18},0.3674316[0.4338518,83.70892,35.37895]);
(Hsphere{18},0.3723145[0.4338518,83.70892,35.37895]);
(Hsphere{18},0.3773193[0.4338518,83.70892,35.37895]);
(Hsphere{18},0.3822021[0.4338518,83.70892,35.37895]);
(Hsphere{18},0.3869629[0.4338518,85.43691,36.57895]);
(Hsphere{18},0.3918457[0.4338518,85.43691,36.57895]);
(Hsphere{18},0.3972168[0.4338518,85.43691,36.57895]);
(Hsphere{18},0.4017334[0.4338518,85.43691,36.57895]);
(Hsphere{18},0.4071045[0.4338518,87.11691,37.77895]);
(Hsphere{18},0.411499[0.4338518,87.11691,37.77895]);
(Hsphere{18},0.4171143[0.4338518,87.11691,37.77895]);
(Hsphere{18},0.4212646[0.4338518,87.11691,37.77895]);
(Hsphere{18},0.4261475[0.4338518,88.74891,38.97895]);
(Hsphere{18},0.4310303[0.4338518,88.74891,38.97895]);
(Hsphere{18},0.4361572[0.4338518,88.74891,38.97895]);
(Hsphere{18},0.440918[0.4338518,88.74891,38.97895]);
(Hsphere{18},0.4458008[0.4338518,90.33291,40.17896]);
(Hsphere{18},0.4506836[0.4338518,90.33291,40.17896]);
(Hsphere{18},0.4555664[0.4338518,90.33291,40.17896]);
(Hsphere{18},0.4604492[0.4338518,90.33291,40.17896]);
(Hsphere{18},0.465332[0.4338518,91.86891,41.37896]);
(Hsphere{18},0.4703369[0.4338518,91.86891,41.37896]);
(Hsphere{18},0.4753418[0.4338518,91.86891,41.37896]);
(Hsphere{18},0.4801025[0.4338518,91.86891,41.37896]);
(Hsphere{18},0.4849854[0.4338518,93.35691,42.57896]);
(Hsphere{18},0.4901123[0.4338518,93.35691,42.57896]);
(Hsphere{18},0.494751[0.4338518,93.35691,42.57896]);
(Hsphere{18},0.5[0.4338518,93.35691,42.57896]);
(Hsphere{18},0.5046387[0.4338518,94.79691,43.77896]);
(Hsphere{18},0.5101318[0.4338518,94.79691,43.77896]);
(Hsphere{18},0.5144043[0.4338518,94.79691,43.77896]);
(Hsphere{18},0.5200195[0.4338518,94.79691,43.77896]);
(Hsphere{18},0.5241699[0.4338518,96.18891,44.97896]);
(Hsphere{18},0.5290527[0.4338518,96.18891,44.97896]);
(Hsphere{18},0.5340576[0.4338518,96.18891,44.97896]);
(Hsphere{18},0.5389404[0.4338518,96.18891,44.97896]);
(Hsphere{18},0.5439453[0.4338518,97.53291,46.17896]);
(Hsphere{18},0.5487061[0.4338518,97.53291,46.17896]);
(Hsphere{18},0.5541992[0.4338518,97.53291,46.17896]);
(Hsphere{18},0.55896[0.4338518,97.53291,46.17896]);
(Hsphere{18},0.5633545[0.4338518,98.82891,47.37896]);
(Hsphere{18},0.5689697[0.4338518,98.82891,47.37896]);
(Hsphere{18},0.5732422[0.4338518,98.82891,47.37896]);
(Hsphere{18},0.5789795[0.4338518,98.82891,47.37896]);
(Hsphere{18},0.5830078[0.4338518,98.82891,47.37896]);
(Hsphere{18},0.5878906[0.4338518,100.0769,48.57896]);
(Hsphere{18},0.5927734[0.4338518,100.0769,48.57896]);
(Hsphere{18},0.5979004[0.4338518,100.0769,48.57896]);
(Hsphere{18},0.6025391[0.4338518,100.0769,48.57896]);
(Hsphere{18},0.6075439[0.4338518,101.2769,49.77896]);
(Hsphere{18},0.612915[0.4338518,101.2769,49.77896]);
(Hsphere{18},0.6177979[0.4338518,101.2769,49.77896]);
(Hsphere{18},0.6221924[0.4338518,101.2769,49.77896]);
(Hsphere{18},0.6278076[0.4338518,102.4289,50.97896]);
(Hsphere{18},0.631958[0.4338518,102.4289,50.97896]);
(Hsphere{18},0.6376953[0.4338518,102.4289,50.97896]);
(Hsphere{18},0.6418457[0.4338518,102.4289,50.97896]);
(Hsphere{18},0.6467285[0.4338518,103.5329,52.17896]);
(Hsphere{18},0.6516113[0.4338518,103.5329,52.17896]);
(Hsphere{18},0.6567383[0.4338518,103.5329,52.17896]);
(Hsphere{18},0.661377[0.4338518,103.5329,52.17896]);
(Hsphere{18},0.6662598[0.4338518,104.5889,53.37896]);
(Hsphere{18},0.6711426[0.4338518,104.5889,53.37896]);
(Hsphere{18},0.6768799[0.4338518,104.5889,53.37896]);
(Hsphere{18},0.6810303[0.4338518,104.5889,53.37896]);
(Hsphere{18},0.6859131[0.4338518,105.5969,54.57896]);
(Hsphere{18},0.6907959[0.4338518,105.5969,54.57896]);
(Hsphere{18},0.696167[0.4338518,105.5969,54.57896]);
(Hsphere{18},0.7005615[0.4338518,105.5969,54.57896]);
(Hsphere{18},0.7061768[0.4338518,106.5569,55.77896]);
(Hsphere{18},0.7104492[0.4338518,106.5569,55.77896]);
(Hsphere{18},0.715332[0.4338518,106.5569,55.77896]);
(Hsphere{18},0.7202148[0.4338518,106.5569,55.77896]);
(Hsphere{18},0.7252197[0.4338518,107.4689,56.97897]);
(Hsphere{18},0.7299805[0.4338518,107.4689,56.97897]);
(Hsphere{18},0.7352295[0.4338518,107.4689,56.97897]);
(Hsphere{18},0.7397461[0.4338518,107.4689,56.97897]);
(Hsphere{18},0.744751[0.4338518,108.3329,58.17897]);
(Hsphere{18},0.7496338[0.4338518,108.3329,58.17897]);
(Hsphere{18},0.7545166[0.4338518,108.3329,58.17897]);
(Hsphere{18},0.7595215[0.4338518,108.3329,58.17897]);
(Hsphere{18},0.7642822[0.4338518,109.1489,59.37897]);
(Hsphere{18},0.7695313[0.4338518,109.1489,59.37897]);
(Hsphere{18},0.7741699[0.4338518,109.1489,59.37897]);
(Hsphere{18},0.7789307[0.4338518,109.1489,59.37897]);
(Hsphere{18},0.7839355[0.4338518,109.9169,60.57897]);
(Hsphere{18},0.7891846[0.4338518,109.9169,60.57897]);
(Hsphere{18},0.7937012[0.4338518,109.9169,60.57897]);
(Hsphere{18},0.798584[0.4338518,109.9169,60.57897]);
(Hsphere{18},0.8034668[0.4338518,110.6369,61.77897]);
(Hsphere{18},0.8092041[0.4338518,110.6369,61.77897]);
(Hsphere{18},0.8132324[0.4338518,110.6369,61.77897]);
(Hsphere{18},0.8182373[0.4338518,110.6369,61.77897]);
(Hsphere{18},0.8231201[0.4338518,110.6369,61.77897]);
(Hsphere{18},0.8280029[0.4338518,111.3089,62.97897]);
(Hsphere{18},0.8328857[0.4338518,111.3089,62.97897]);
(Hsphere{18},0.8377686[0.4338518,111.3089,62.97897]);
(Hsphere{18},0.8430176[0.4338518,111.3089,62.97897]);
(Hsphere{18},0.8475342[0.4338518,111.9329,64.17897]);
(Hsphere{18},0.8525391[0.4338518,111.9329,64.17897]);
(Hsphere{18},0.8574219[0.4338518,111.9329,64.17897]);
(Hsphere{18},0.8623047[0.4338518,111.9329,64.17897]);
(Hsphere{18},0.8673096[0.4338518,112.5089,65.37897]);
(Hsphere{18},0.8720703[0.4338518,112.5089,65.37897]);
(Hsphere{18},0.8769531[0.4338518,112.5089,65.37897]);
(Hsphere{18},0.8820801[0.4338518,112.5089,65.37897]);
(Hsphere{18},0.8868408[0.4338518,113.0369,66.57897]);
(Hsphere{18},0.8917236[0.4338518,113.0369,66.57897]);
(Hsphere{18},0.8966064[0.4338518,113.0369,66.57897]);
(Hsphere{18},0.9016113[0.4338518,113.0369,66.57897]);
(Hsphere{18},0.9066162[0.4338518,113.5169,67.77898]);
(Hsphere{18},0.9112549[0.4338518,113.5169,67.77898]);
(Hsphere{18},0.9161377[0.4338518,113.5169,67.77898]);
(Hsphere{18},0.9219971[0.4338518,113.5169,67.77898]);
(Hsphere{18},0.9260254[0.4338518,113.9489,68.97897]);
(Hsphere{18},0.9309082[0.4338518,113.9489,68.97897]);
(Hsphere{18},0.935791[0.4338518,113.9489,68.97897]);
(Hsphere{18},0.9406738[0.4338518,113.9489,68.97897]);
(Hsphere{18},0.9455566[0.4338518,114.3329,70.17897]);
(Hsphere{18},0.9504395[0.4338518,114.3329,70.17897]);
(Hsphere{18},0.9555664[0.4338518,114.3329,70.17897]);
(Hsphere{18},0.9603271[0.4338518,114.3329,70.17897]);
(Hsphere{18},0.9655762[0.4338518,114.6689,71.37897]);
(Hsphere{18},0.9700928[0.4338518,114.6689,71.37897]);
(Hsphere{18},0.9755859[0.4338518,114.6689,71.37897]);
(Hsphere{18},0.9798584[0.4338518,114.6689,71.37897]);
(Hsphere{18},0.9855957[0.4338518,114.9569,72.57898]);
(Hsphere{18},0.9902344[0.4338518,114.9569,72.57898]);
(Hsphere{18},0.9946289[0.4338518,114.9569,72.57898]);
(Hsphere{18},1.000244[0.4338518,114.9569,72.57898]);
(Hsphere{18},1.004395[0.4338518,115.1969,73.77898]);
(Hsphere{18},1.010254[0.4338518,115.1969,73.77898]);
(Hsphere{18},1.01416[0.4338518,115.1969,73.77898]);
(Hsphere{18},1.02002[0.4338518,115.1969,73.77898]);
(Hsphere{18},1.024048[0.4338518,115.3889,74.97897]);
(Hsphere{18},1.029175[0.4338518,115.3889,74.97897]);
(Hsphere{18},1.033813[0.4338518,115.3889,74.97897]);
(Hsphere{18},1.039185[0.4338518,115.3889,74.97897]);
(Hsphere{18},1.043579[0.4338518,115.5329,76.17898]);
(Hsphere{18},1.049194[0.4338518,115.5329,76.17898]);
(Hsphere{18},1.053345[0.4338518,115.5329,76.17898]);
(Hsphere{18},1.05835[0.4338518,115.5329,76.17898]);
(Hsphere{18},1.063232[0.4338518,115.5329,76.17898]);
(Hsphere{18},1.068115[0.4338518,115.6289,77.37898]);
(Hsphere{18},1.072998[0.4338518,115.6289,77.37898]);
(Hsphere{18},1.077881[0.4338518,115.6289,77.37898]);
(Hsphere{18},1.082886[0.4338518,115.6289,77.37898]);
(Hsphere{18},1.087646[0.4338518,115.6769,78.57898]);
(Hsphere{18},1.092773[0.4338518,115.6769,78.57898]);
(Hsphere{18},1.097534[0.4338518,115.6769,78.57898]);
(Hsphere{18},1.102417[0.4338518,115.6769,78.57898]);
(Hsphere{18},1.1073[0.4338518,115.6769,79.77898]);
(Hsphere{18},2.127075[-3.095167E-09,-0.2021332,120.5243]);
}
