crawler_jump_0:4{
(Hsphere{12},0.1763306[0.2892345,44.8623,16.78597]);
(Hsphere{12},0.1816406[0.2892345,44.8623,16.78597]);
(Hsphere{12},0.1861572[0.2892345,44.8623,16.78597]);
(Hsphere{12},0.19104[0.2892345,44.8623,16.78597]);
(Hsphere{12},0.1959229[0.2892345,47.0703,17.98597]);
(Hsphere{12},0.2008667[0.2892345,47.0703,17.98597]);
(Hsphere{12},0.2057495[0.2892345,47.0703,17.98597]);
(Hsphere{12},0.2106323[0.2892345,47.0703,17.98597]);
(Hsphere{12},0.2156372[0.2892345,49.2303,19.18597]);
(Hsphere{12},0.220459[0.2892345,49.2303,19.18597]);
(Hsphere{12},0.2253418[0.2892345,49.2303,19.18597]);
(Hsphere{12},0.2302246[0.2892345,49.2303,19.18597]);
(Hsphere{12},0.2351685[0.2892345,51.3423,20.38597]);
(Hsphere{12},0.2400513[0.2892345,51.3423,20.38597]);
(Hsphere{12},0.2453003[0.2892345,51.3423,20.38597]);
(Hsphere{12},0.2498169[0.2892345,51.3423,20.38597]);
(Hsphere{12},0.2550659[0.2892345,53.4063,21.58597]);
(Hsphere{12},0.2596436[0.2892345,53.4063,21.58597]);
(Hsphere{12},0.2645264[0.2892345,53.4063,21.58597]);
(Hsphere{12},0.2694702[0.2892345,53.4063,21.58597]);
(Hsphere{12},0.274353[0.2892345,55.4223,22.78597]);
(Hsphere{12},0.27948[0.2892345,55.4223,22.78597]);
(Hsphere{12},0.2841187[0.2892345,55.4223,22.78597]);
(Hsphere{12},0.2890625[0.2892345,55.4223,22.78597]);
(Hsphere{12},0.2944946[0.2892345,57.3903,23.98597]);
(Hsphere{12},0.2988281[0.2892345,57.3903,23.98597]);
(Hsphere{12},0.3037109[0.2892345,57.3903,23.98597]);
(Hsphere{12},0.3086548[0.2892345,57.3903,23.98597]);
(Hsphere{12},0.31427[0.2892345,59.3103,25.18597]);
(Hsphere{12},0.3184204[0.2892345,59.3103,25.18597]);
(Hsphere{12},0.3234253[0.2892345,59.3103,25.18597]);
(Hsphere{12},0.3284302[0.2892345,59.3103,25.18597]);
(Hsphere{12},0.3334351[0.2892345,59.3103,25.18597]);
(Hsphere{12},0.3380127[0.2892345,61.1823,26.38597]);
(Hsphere{12},0.343811[0.2892345,61.1823,26.38597]);
(Hsphere{12},0.3478394[0.2892345,61.1823,26.38597]);
(Hsphere{12},0.3527832[0.2892345,61.1823,26.38597]);
(Hsphere{12},0.357666[0.2892345,63.0063,27.58597]);
(Hsphere{12},0.362793[0.2892345,63.0063,27.58597]);
(Hsphere{12},0.3674316[0.2892345,63.0063,27.58597]);
(Hsphere{12},0.3728027[0.2892345,63.0063,27.58597]);
(Hsphere{12},0.3772583[0.2892345,64.7823,28.78597]);
(Hsphere{12},0.3828125[0.2892345,64.7823,28.78597]);
(Hsphere{12},0.3870239[0.2892345,64.7823,28.78597]);
(Hsphere{12},0.3919678[0.2892345,64.7823,28.78597]);
(Hsphere{12},0.3968506[0.2892345,66.5103,29.98597]);
(Hsphere{12},0.4018555[0.2892345,66.5103,29.98597]);
(Hsphere{12},0.4066162[0.2892345,66.5103,29.98597]);
(Hsphere{12},0.4118652[0.2892345,66.5103,29.98597]);
(Hsphere{12},0.4164429[0.2892345,68.1903,31.18597]);
(Hsphere{12},0.421875[0.2892345,68.1903,31.18597]);
(Hsphere{12},0.4262695[0.2892345,68.1903,31.18597]);
(Hsphere{12},0.4318848[0.2892345,68.1903,31.18597]);
(Hsphere{12},0.4360352[0.2892345,69.8223,32.38597]);
(Hsphere{12},0.440918[0.2892345,69.8223,32.38597]);
(Hsphere{12},0.4459229[0.2892345,69.8223,32.38597]);
(Hsphere{12},0.4508057[0.2892345,69.8223,32.38597]);
(Hsphere{12},0.4558105[0.2892345,71.4063,33.58597]);
(Hsphere{12},0.4605103[0.2892345,71.4063,33.58597]);
(Hsphere{12},0.4654541[0.2892345,71.4063,33.58597]);
(Hsphere{12},0.4703369[0.2892345,71.4063,33.58597]);
(Hsphere{12},0.4752197[0.2892345,72.94231,34.78597]);
(Hsphere{12},0.4801636[0.2892345,72.94231,34.78597]);
(Hsphere{12},0.4851685[0.2892345,72.94231,34.78597]);
(Hsphere{12},0.4901733[0.2892345,72.94231,34.78597]);
(Hsphere{12},0.494812[0.2892345,74.4303,35.98597]);
(Hsphere{12},0.4997559[0.2892345,74.4303,35.98597]);
(Hsphere{12},0.5053101[0.2892345,74.4303,35.98597]);
(Hsphere{12},0.5095215[0.2892345,74.4303,35.98597]);
(Hsphere{12},0.5145264[0.2892345,75.8703,37.18597]);
(Hsphere{12},0.5193481[0.2892345,75.8703,37.18597]);
(Hsphere{12},0.524231[0.2892345,75.8703,37.18597]);
(Hsphere{12},0.5291138[0.2892345,75.8703,37.18597]);
(Hsphere{12},0.534668[0.2892345,77.2623,38.38597]);
(Hsphere{12},0.5389404[0.2892345,77.2623,38.38597]);
(Hsphere{12},0.5438232[0.2892345,77.2623,38.38597]);
(Hsphere{12},0.5487671[0.2892345,77.2623,38.38597]);
(Hsphere{12},0.5536499[0.2892345,78.60631,39.58598]);
(Hsphere{12},0.5586548[0.2892345,78.60631,39.58598]);
(Hsphere{12},0.5636597[0.2892345,78.60631,39.58598]);
(Hsphere{12},0.5683594[0.2892345,78.60631,39.58598]);
(Hsphere{12},0.5736694[0.2892345,79.9023,40.78597]);
(Hsphere{12},0.578125[0.2892345,79.9023,40.78597]);
(Hsphere{12},0.5836792[0.2892345,79.9023,40.78597]);
(Hsphere{12},0.5879517[0.2892345,79.9023,40.78597]);
(Hsphere{12},0.593689[0.2892345,81.1503,41.98598]);
(Hsphere{12},0.5977173[0.2892345,81.1503,41.98598]);
(Hsphere{12},0.6032715[0.2892345,81.1503,41.98598]);
(Hsphere{12},0.6075439[0.2892345,81.1503,41.98598]);
(Hsphere{12},0.6124268[0.2892345,81.1503,41.98598]);
(Hsphere{12},0.6174316[0.2892345,82.3503,43.18597]);
(Hsphere{12},0.6222534[0.2892345,82.3503,43.18597]);
(Hsphere{12},0.6271362[0.2892345,82.3503,43.18597]);
(Hsphere{12},0.632019[0.2892345,82.3503,43.18597]);
(Hsphere{12},0.6370239[0.2892345,83.5023,44.38598]);
(Hsphere{12},0.6418457[0.2892345,83.5023,44.38598]);
(Hsphere{12},0.6470337[0.2892345,83.5023,44.38598]);
(Hsphere{12},0.6516113[0.2892345,83.5023,44.38598]);
(Hsphere{12},0.6570435[0.2892345,84.60629,45.58598]);
(Hsphere{12},0.661438[0.2892345,84.60629,45.58598]);
(Hsphere{12},0.6670532[0.2892345,84.60629,45.58598]);
(Hsphere{12},0.6712646[0.2892345,84.60629,45.58598]);
(Hsphere{12},0.6761475[0.2892345,85.66229,46.78598]);
(Hsphere{12},0.6810303[0.2892345,85.66229,46.78598]);
(Hsphere{12},0.6859741[0.2892345,85.66229,46.78598]);
(Hsphere{12},0.6908569[0.2892345,85.66229,46.78598]);
(Hsphere{12},0.6957397[0.2892345,86.67029,47.98598]);
(Hsphere{12},0.7006226[0.2892345,86.67029,47.98598]);
(Hsphere{12},0.7056274[0.2892345,86.67029,47.98598]);
(Hsphere{12},0.7107544[0.2892345,86.67029,47.98598]);
(Hsphere{12},0.715332[0.2892345,87.63029,49.18598]);
(Hsphere{12},0.7202148[0.2892345,87.63029,49.18598]);
(Hsphere{12},0.7252808[0.2892345,87.63029,49.18598]);
(Hsphere{12},0.7300415[0.2892345,87.63029,49.18598]);
(Hsphere{12},0.7350464[0.2892345,88.5423,50.38598]);
(Hsphere{12},0.7398682[0.2892345,88.5423,50.38598]);
(Hsphere{12},0.7453003[0.2892345,88.5423,50.38598]);
(Hsphere{12},0.7496338[0.2892345,88.5423,50.38598]);
(Hsphere{12},0.7545166[0.2892345,89.4063,51.58598]);
(Hsphere{12},0.7598267[0.2892345,89.4063,51.58598]);
(Hsphere{12},0.7643433[0.2892345,89.4063,51.58598]);
(Hsphere{12},0.7698364[0.2892345,89.4063,51.58598]);
(Hsphere{12},0.7741699[0.2892345,90.22229,52.78598]);
(Hsphere{12},0.779541[0.2892345,90.22229,52.78598]);
(Hsphere{12},0.7839355[0.2892345,90.22229,52.78598]);
(Hsphere{12},0.7888184[0.2892345,90.22229,52.78598]);
(Hsphere{12},0.7945557[0.2892345,90.9903,53.98598]);
(Hsphere{12},0.798645[0.2892345,90.9903,53.98598]);
(Hsphere{12},0.8035278[0.2892345,90.9903,53.98598]);
(Hsphere{12},0.8084106[0.2892345,90.9903,53.98598]);
(Hsphere{12},0.8133545[0.2892345,90.9903,53.98598]);
(Hsphere{12},0.8182373[0.2892345,91.7103,55.18598]);
(Hsphere{12},0.8231201[0.2892345,91.7103,55.18598]);
(Hsphere{12},0.8284302[0.2892345,91.7103,55.18598]);
(Hsphere{12},0.8329468[0.2892345,91.7103,55.18598]);
(Hsphere{12},0.8378296[0.2892345,92.38229,56.38599]);
(Hsphere{12},0.8435669[0.2892345,92.38229,56.38599]);
(Hsphere{12},0.8476563[0.2892345,92.38229,56.38599]);
(Hsphere{12},0.8525391[0.2892345,92.38229,56.38599]);
(Hsphere{12},0.8575439[0.2892345,93.00629,57.58598]);
(Hsphere{12},0.8624268[0.2892345,93.00629,57.58598]);
(Hsphere{12},0.8674316[0.2892345,93.00629,57.58598]);
(Hsphere{12},0.8721313[0.2892345,93.00629,57.58598]);
(Hsphere{12},0.8770142[0.2892345,93.58229,58.78599]);
(Hsphere{12},0.8824463[0.2892345,93.58229,58.78599]);
(Hsphere{12},0.8868408[0.2892345,93.58229,58.78599]);
(Hsphere{12},0.8924561[0.2892345,93.58229,58.78599]);
(Hsphere{12},0.8966675[0.2892345,94.11029,59.98598]);
(Hsphere{12},0.9015503[0.2892345,94.11029,59.98598]);
(Hsphere{12},0.9064331[0.2892345,94.11029,59.98598]);
(Hsphere{12},0.9113159[0.2892345,94.11029,59.98598]);
(Hsphere{12},0.9165039[0.2892345,94.59029,61.18599]);
(Hsphere{12},0.9211426[0.2892345,94.59029,61.18599]);
(Hsphere{12},0.9265137[0.2892345,94.59029,61.18599]);
(Hsphere{12},0.9315186[0.2892345,94.59029,61.18599]);
(Hsphere{12},0.9358521[0.2892345,95.02228,62.38599]);
(Hsphere{12},0.9407349[0.2892345,95.02228,62.38599]);
(Hsphere{12},0.9456177[0.2892345,95.02228,62.38599]);
(Hsphere{12},0.9505615[0.2892345,95.02228,62.38599]);
(Hsphere{12},0.9555664[0.2892345,95.40628,63.58599]);
(Hsphere{12},0.9603271[0.2892345,95.40628,63.58599]);
(Hsphere{12},0.9655762[0.2892345,95.40628,63.58599]);
(Hsphere{12},0.9701538[0.2892345,95.40628,63.58599]);
(Hsphere{12},0.9755249[0.2892345,95.74228,64.78599]);
(Hsphere{12},0.9799194[0.2892345,95.74228,64.78599]);
(Hsphere{12},0.9852905[0.2892345,95.74228,64.78599]);
(Hsphere{12},0.9897461[0.2892345,95.74228,64.78599]);
(Hsphere{12},0.9946289[0.2892345,96.03029,65.98599]);
(Hsphere{12},0.9995117[0.2892345,96.03029,65.98599]);
(Hsphere{12},1.004456[0.2892345,96.03029,65.98599]);
(Hsphere{12},1.009338[0.2892345,96.03029,65.98599]);
(Hsphere{12},1.014526[0.2892345,96.27028,67.18599]);
(Hsphere{12},1.019165[0.2892345,96.27028,67.18599]);
(Hsphere{12},1.024536[0.2892345,96.27028,67.18599]);
(Hsphere{12},1.028931[0.2892345,96.27028,67.18599]);
(Hsphere{12},1.034485[0.2892345,96.46228,68.38599]);
(Hsphere{12},1.038757[0.2892345,96.46228,68.38599]);
(Hsphere{12},1.04364[0.2892345,96.46228,68.38599]);
(Hsphere{12},1.048523[0.2892345,96.46228,68.38599]);
(Hsphere{12},1.053467[0.2892345,96.46228,68.38599]);
(Hsphere{12},1.05835[0.2892345,96.60628,69.58599]);
(Hsphere{12},1.063232[0.2892345,96.60628,69.58599]);
(Hsphere{12},1.068237[0.2892345,96.60628,69.58599]);
(Hsphere{12},1.073242[0.2892345,96.60628,69.58599]);
(Hsphere{12},1.077942[0.2892345,96.70229,70.786]);
(Hsphere{12},1.083252[0.2892345,96.70229,70.786]);
(Hsphere{12},1.087769[0.2892345,96.70229,70.786]);
(Hsphere{12},1.093201[0.2892345,96.70229,70.786]);
(Hsphere{12},1.097534[0.2892345,96.75027,71.98599]);
(Hsphere{12},1.10321[0.2892345,96.75027,71.98599]);
(Hsphere{12},1.107361[0.2892345,96.75027,71.98599]);
(Hsphere{12},1.112244[0.2892345,96.75027,71.98599]);
(Hsphere{12},1.117126[0.2892345,96.75027,73.186]);
(Hsphere{12},2.136353[-3.698253E-09,-0.1021461,120.5242]);
}
