crawler_jump_0:5{
(Hsphere{15},0.1757813[0.3615431,54.32547,20.08246]);
(Hsphere{15},0.1813354[0.3615431,54.32547,20.08246]);
(Hsphere{15},0.1856079[0.3615431,54.32547,20.08246]);
(Hsphere{15},0.1904907[0.3615431,56.53347,21.28246]);
(Hsphere{15},0.1953735[0.3615431,56.53347,21.28246]);
(Hsphere{15},0.2003174[0.3615431,56.53347,21.28246]);
(Hsphere{15},0.2052002[0.3615431,56.53347,21.28246]);
(Hsphere{15},0.2102661[0.3615431,58.69347,22.48246]);
(Hsphere{15},0.2150269[0.3615431,58.69347,22.48246]);
(Hsphere{15},0.2205811[0.3615431,58.69347,22.48246]);
(Hsphere{15},0.2247925[0.3615431,58.69347,22.48246]);
(Hsphere{15},0.2296753[0.3615431,60.80547,23.68246]);
(Hsphere{15},0.2346191[0.3615431,60.80547,23.68246]);
(Hsphere{15},0.2400513[0.3615431,60.80547,23.68246]);
(Hsphere{15},0.2443848[0.3615431,60.80547,23.68246]);
(Hsphere{15},0.2495728[0.3615431,62.86946,24.88246]);
(Hsphere{15},0.2542114[0.3615431,62.86946,24.88246]);
(Hsphere{15},0.2590942[0.3615431,62.86946,24.88246]);
(Hsphere{15},0.2639771[0.3615431,62.86946,24.88246]);
(Hsphere{15},0.2689819[0.3615431,62.86946,24.88246]);
(Hsphere{15},0.2739868[0.3615431,64.88547,26.08246]);
(Hsphere{15},0.2786865[0.3615431,64.88547,26.08246]);
(Hsphere{15},0.2839966[0.3615431,64.88547,26.08246]);
(Hsphere{15},0.2885132[0.3615431,64.88547,26.08246]);
(Hsphere{15},0.2940063[0.3615431,66.85346,27.28246]);
(Hsphere{15},0.2982788[0.3615431,66.85346,27.28246]);
(Hsphere{15},0.3034668[0.3615431,66.85346,27.28246]);
(Hsphere{15},0.3081055[0.3615431,66.85346,27.28246]);
(Hsphere{15},0.3129883[0.3615431,68.77346,28.48246]);
(Hsphere{15},0.3178711[0.3615431,68.77346,28.48246]);
(Hsphere{15},0.3232422[0.3615431,68.77346,28.48246]);
(Hsphere{15},0.3276978[0.3615431,68.77346,28.48246]);
(Hsphere{15},0.3325806[0.3615431,70.64546,29.68246]);
(Hsphere{15},0.3375244[0.3615431,70.64546,29.68246]);
(Hsphere{15},0.3424072[0.3615431,70.64546,29.68246]);
(Hsphere{15},0.34729[0.3615431,70.64546,29.68246]);
(Hsphere{15},0.3521729[0.3615431,72.46946,30.88246]);
(Hsphere{15},0.3571167[0.3615431,72.46946,30.88246]);
(Hsphere{15},0.3619995[0.3615431,72.46946,30.88246]);
(Hsphere{15},0.3670654[0.3615431,72.46946,30.88246]);
(Hsphere{15},0.3720703[0.3615431,74.24546,32.08246]);
(Hsphere{15},0.376709[0.3615431,74.24546,32.08246]);
(Hsphere{15},0.3815918[0.3615431,74.24546,32.08246]);
(Hsphere{15},0.3864746[0.3615431,74.24546,32.08246]);
(Hsphere{15},0.3920898[0.3615431,75.97346,33.28246]);
(Hsphere{15},0.3963013[0.3615431,75.97346,33.28246]);
(Hsphere{15},0.4011841[0.3615431,75.97346,33.28246]);
(Hsphere{15},0.4061279[0.3615431,75.97346,33.28246]);
(Hsphere{15},0.4110107[0.3615431,77.65346,34.48246]);
(Hsphere{15},0.4158936[0.3615431,77.65346,34.48246]);
(Hsphere{15},0.4209595[0.3615431,77.65346,34.48246]);
(Hsphere{15},0.4257202[0.3615431,77.65346,34.48246]);
(Hsphere{15},0.4309692[0.3615431,79.28545,35.68246]);
(Hsphere{15},0.4354858[0.3615431,79.28545,35.68246]);
(Hsphere{15},0.440979[0.3615431,79.28545,35.68246]);
(Hsphere{15},0.4453125[0.3615431,79.28545,35.68246]);
(Hsphere{15},0.4509888[0.3615431,80.86945,36.88246]);
(Hsphere{15},0.4550781[0.3615431,80.86945,36.88246]);
(Hsphere{15},0.460022[0.3615431,80.86945,36.88246]);
(Hsphere{15},0.4649048[0.3615431,80.86945,36.88246]);
(Hsphere{15},0.4700317[0.3615431,82.40546,38.08246]);
(Hsphere{15},0.4746704[0.3615431,82.40546,38.08246]);
(Hsphere{15},0.4796143[0.3615431,82.40546,38.08246]);
(Hsphere{15},0.4844971[0.3615431,82.40546,38.08246]);
(Hsphere{15},0.4893799[0.3615431,83.89346,39.28246]);
(Hsphere{15},0.4943237[0.3615431,83.89346,39.28246]);
(Hsphere{15},0.4992065[0.3615431,83.89346,39.28246]);
(Hsphere{15},0.5045776[0.3615431,83.89346,39.28246]);
(Hsphere{15},0.5089722[0.3615431,83.89346,39.28246]);
(Hsphere{15},0.5140381[0.3615431,85.33346,40.48246]);
(Hsphere{15},0.5187988[0.3615431,85.33346,40.48246]);
(Hsphere{15},0.524292[0.3615431,85.33346,40.48246]);
(Hsphere{15},0.5286255[0.3615431,85.33346,40.48246]);
(Hsphere{15},0.5340576[0.3615431,86.72546,41.68246]);
(Hsphere{15},0.5383911[0.3615431,86.72546,41.68246]);
(Hsphere{15},0.5432739[0.3615431,86.72546,41.68246]);
(Hsphere{15},0.5482788[0.3615431,86.72546,41.68246]);
(Hsphere{15},0.5540161[0.3615431,88.06946,42.88247]);
(Hsphere{15},0.5580444[0.3615431,88.06946,42.88247]);
(Hsphere{15},0.5632935[0.3615431,88.06946,42.88247]);
(Hsphere{15},0.5678101[0.3615431,88.06946,42.88247]);
(Hsphere{15},0.5733643[0.3615431,89.36546,44.08247]);
(Hsphere{15},0.5775757[0.3615431,89.36546,44.08247]);
(Hsphere{15},0.583252[0.3615431,89.36546,44.08247]);
(Hsphere{15},0.5874023[0.3615431,89.36546,44.08247]);
(Hsphere{15},0.5930786[0.3615431,90.61346,45.28247]);
(Hsphere{15},0.597229[0.3615431,90.61346,45.28247]);
(Hsphere{15},0.602356[0.3615431,90.61346,45.28247]);
(Hsphere{15},0.6071167[0.3615431,90.61346,45.28247]);
(Hsphere{15},0.6121216[0.3615431,91.81345,46.48247]);
(Hsphere{15},0.6168213[0.3615431,91.81345,46.48247]);
(Hsphere{15},0.6220703[0.3615431,91.81345,46.48247]);
(Hsphere{15},0.6265869[0.3615431,91.81345,46.48247]);
(Hsphere{15},0.6320801[0.3615431,92.96545,47.68247]);
(Hsphere{15},0.6364136[0.3615431,92.96545,47.68247]);
(Hsphere{15},0.6412964[0.3615431,92.96545,47.68247]);
(Hsphere{15},0.6461792[0.3615431,92.96545,47.68247]);
(Hsphere{15},0.651123[0.3615431,94.06945,48.88247]);
(Hsphere{15},0.6560059[0.3615431,94.06945,48.88247]);
(Hsphere{15},0.6610107[0.3615431,94.06945,48.88247]);
(Hsphere{15},0.6661377[0.3615431,94.06945,48.88247]);
(Hsphere{15},0.6707153[0.3615431,95.12545,50.08247]);
(Hsphere{15},0.6757202[0.3615431,95.12545,50.08247]);
(Hsphere{15},0.680481[0.3615431,95.12545,50.08247]);
(Hsphere{15},0.68573[0.3615431,95.12545,50.08247]);
(Hsphere{15},0.6903076[0.3615431,96.13345,51.28247]);
(Hsphere{15},0.6957397[0.3615431,96.13345,51.28247]);
(Hsphere{15},0.7000732[0.3615431,96.13345,51.28247]);
(Hsphere{15},0.7057495[0.3615431,96.13345,51.28247]);
(Hsphere{15},0.7098999[0.3615431,97.09344,52.48247]);
(Hsphere{15},0.7147827[0.3615431,97.09344,52.48247]);
(Hsphere{15},0.7197266[0.3615431,97.09344,52.48247]);
(Hsphere{15},0.7246094[0.3615431,97.09344,52.48247]);
(Hsphere{15},0.7294922[0.3615431,98.00545,53.68247]);
(Hsphere{15},0.734375[0.3615431,98.00545,53.68247]);
(Hsphere{15},0.7393799[0.3615431,98.00545,53.68247]);
(Hsphere{15},0.7442017[0.3615431,98.00545,53.68247]);
(Hsphere{15},0.7492065[0.3615431,98.00545,53.68247]);
(Hsphere{15},0.7542114[0.3615431,98.86945,54.88247]);
(Hsphere{15},0.7589111[0.3615431,98.86945,54.88247]);
(Hsphere{15},0.7639771[0.3615431,98.86945,54.88247]);
(Hsphere{15},0.7686768[0.3615431,98.86945,54.88247]);
(Hsphere{15},0.7740479[0.3615431,99.68545,56.08247]);
(Hsphere{15},0.7785034[0.3615431,99.68545,56.08247]);
(Hsphere{15},0.7840576[0.3615431,99.68545,56.08247]);
(Hsphere{15},0.7883301[0.3615431,99.68545,56.08247]);
(Hsphere{15},0.7932129[0.3615431,100.4534,57.28247]);
(Hsphere{15},0.7980957[0.3615431,100.4534,57.28247]);
(Hsphere{15},0.8030396[0.3615431,100.4534,57.28247]);
(Hsphere{15},0.8088379[0.3615431,100.4534,57.28247]);
(Hsphere{15},0.8128662[0.3615431,101.1734,58.48248]);
(Hsphere{15},0.817688[0.3615431,101.1734,58.48248]);
(Hsphere{15},0.8228149[0.3615431,101.1734,58.48248]);
(Hsphere{15},0.8275146[0.3615431,101.1734,58.48248]);
(Hsphere{15},0.8328247[0.3615431,101.8454,59.68248]);
(Hsphere{15},0.8372803[0.3615431,101.8454,59.68248]);
(Hsphere{15},0.8422241[0.3615431,101.8454,59.68248]);
(Hsphere{15},0.8471069[0.3615431,101.8454,59.68248]);
(Hsphere{15},0.8519897[0.3615431,102.4694,60.88248]);
(Hsphere{15},0.8568726[0.3615431,102.4694,60.88248]);
(Hsphere{15},0.8618774[0.3615431,102.4694,60.88248]);
(Hsphere{15},0.8668823[0.3615431,102.4694,60.88248]);
(Hsphere{15},0.871582[0.3615431,103.0454,62.08248]);
(Hsphere{15},0.8768921[0.3615431,103.0454,62.08248]);
(Hsphere{15},0.8814087[0.3615431,103.0454,62.08248]);
(Hsphere{15},0.8869019[0.3615431,103.0454,62.08248]);
(Hsphere{15},0.8911743[0.3615431,103.5734,63.28248]);
(Hsphere{15},0.8969116[0.3615431,103.5734,63.28248]);
(Hsphere{15},0.901001[0.3615431,103.5734,63.28248]);
(Hsphere{15},0.9058838[0.3615431,103.5734,63.28248]);
(Hsphere{15},0.9108276[0.3615431,104.0534,64.48248]);
(Hsphere{15},0.9157104[0.3615431,104.0534,64.48248]);
(Hsphere{15},0.9207764[0.3615431,104.0534,64.48248]);
(Hsphere{15},0.9254761[0.3615431,104.0534,64.48248]);
(Hsphere{15},0.9304199[0.3615431,104.4854,65.68248]);
(Hsphere{15},0.9353027[0.3615431,104.4854,65.68248]);
(Hsphere{15},0.9401855[0.3615431,104.4854,65.68248]);
(Hsphere{15},0.9451294[0.3615431,104.4854,65.68248]);
(Hsphere{15},0.9500122[0.3615431,104.8694,66.88248]);
(Hsphere{15},0.9550171[0.3615431,104.8694,66.88248]);
(Hsphere{15},0.9597778[0.3615431,104.8694,66.88248]);
(Hsphere{15},0.9648438[0.3615431,104.8694,66.88248]);
(Hsphere{15},0.9696045[0.3615431,105.2054,68.08248]);
(Hsphere{15},0.9744873[0.3615431,105.2054,68.08248]);
(Hsphere{15},0.9793701[0.3615431,105.2054,68.08248]);
(Hsphere{15},0.984314[0.3615431,105.2054,68.08248]);
(Hsphere{15},0.9896851[0.3615431,105.4934,69.28249]);
(Hsphere{15},0.9940796[0.3615431,105.4934,69.28249]);
(Hsphere{15},0.9990234[0.3615431,105.4934,69.28249]);
(Hsphere{15},1.003906[0.3615431,105.4934,69.28249]);
(Hsphere{15},1.008789[0.3615431,105.4934,69.28249]);
(Hsphere{15},1.013733[0.3615431,105.7334,70.48248]);
(Hsphere{15},1.018616[0.3615431,105.7334,70.48248]);
(Hsphere{15},1.023621[0.3615431,105.7334,70.48248]);
(Hsphere{15},1.028381[0.3615431,105.7334,70.48248]);
(Hsphere{15},1.034058[0.3615431,105.9254,71.68248]);
(Hsphere{15},1.038208[0.3615431,105.9254,71.68248]);
(Hsphere{15},1.043518[0.3615431,105.9254,71.68248]);
(Hsphere{15},1.047974[0.3615431,105.9254,71.68248]);
(Hsphere{15},1.052917[0.3615431,106.0694,72.88248]);
(Hsphere{15},1.0578[0.3615431,106.0694,72.88248]);
(Hsphere{15},1.063477[0.3615431,106.0694,72.88248]);
(Hsphere{15},1.067627[0.3615431,106.0694,72.88248]);
(Hsphere{15},1.07251[0.3615431,106.1654,74.08249]);
(Hsphere{15},1.077515[0.3615431,106.1654,74.08249]);
(Hsphere{15},1.08252[0.3615431,106.1654,74.08249]);
(Hsphere{15},1.087219[0.3615431,106.1654,74.08249]);
(Hsphere{15},1.092102[0.3615431,106.2134,75.28249]);
(Hsphere{15},1.096985[0.3615431,106.2134,75.28249]);
(Hsphere{15},1.10199[0.3615431,106.2134,75.28249]);
(Hsphere{15},1.106812[0.3615431,106.2134,75.28249]);
(Hsphere{15},1.112[0.3615431,106.2134,76.48248]);
(Hsphere{15},2.131592[-2.489648E-09,-0.1521454,120.5244]);
}
