crawler_jump_0:2{
(Hsphere{6},0.1757202[0.1446686,25.93607,10.21654]);
(Hsphere{6},0.1810303[0.1446686,25.93607,10.21654]);
(Hsphere{6},0.1855469[0.1446686,25.93607,10.21654]);
(Hsphere{6},0.19104[0.1446686,25.93607,10.21654]);
(Hsphere{6},0.1957397[0.1446686,28.14407,11.41654]);
(Hsphere{6},0.2001953[0.1446686,28.14407,11.41654]);
(Hsphere{6},0.2051392[0.1446686,28.14407,11.41654]);
(Hsphere{6},0.210022[0.1446686,28.14407,11.41654]);
(Hsphere{6},0.2149048[0.1446686,28.14407,11.41654]);
(Hsphere{6},0.2198486[0.1446686,30.30407,12.61654]);
(Hsphere{6},0.2247925[0.1446686,30.30407,12.61654]);
(Hsphere{6},0.2296143[0.1446686,30.30407,12.61654]);
(Hsphere{6},0.2349243[0.1446686,30.30407,12.61654]);
(Hsphere{6},0.2394409[0.1446686,32.41607,13.81654]);
(Hsphere{6},0.2449951[0.1446686,32.41607,13.81654]);
(Hsphere{6},0.2492065[0.1446686,32.41607,13.81654]);
(Hsphere{6},0.2540894[0.1446686,32.41607,13.81654]);
(Hsphere{6},0.2590332[0.1446686,34.48007,15.01654]);
(Hsphere{6},0.2639771[0.1446686,34.48007,15.01654]);
(Hsphere{6},0.2687988[0.1446686,34.48007,15.01654]);
(Hsphere{6},0.2737427[0.1446686,34.48007,15.01654]);
(Hsphere{6},0.2786255[0.1446686,36.49607,16.21654]);
(Hsphere{6},0.2835083[0.1446686,36.49607,16.21654]);
(Hsphere{6},0.2883911[0.1446686,36.49607,16.21654]);
(Hsphere{6},0.293335[0.1446686,36.49607,16.21654]);
(Hsphere{6},0.2987671[0.1446686,38.46407,17.41654]);
(Hsphere{6},0.3031006[0.1446686,38.46407,17.41654]);
(Hsphere{6},0.3080444[0.1446686,38.46407,17.41654]);
(Hsphere{6},0.3129272[0.1446686,38.46407,17.41654]);
(Hsphere{6},0.3186035[0.1446686,40.38406,18.61654]);
(Hsphere{6},0.3226929[0.1446686,40.38406,18.61654]);
(Hsphere{6},0.3276367[0.1446686,40.38406,18.61654]);
(Hsphere{6},0.3325195[0.1446686,40.38406,18.61654]);
(Hsphere{6},0.3374023[0.1446686,42.25607,19.81654]);
(Hsphere{6},0.3423462[0.1446686,42.25607,19.81654]);
(Hsphere{6},0.347229[0.1446686,42.25607,19.81654]);
(Hsphere{6},0.3521118[0.1446686,42.25607,19.81654]);
(Hsphere{6},0.3572388[0.1446686,44.08006,21.01654]);
(Hsphere{6},0.3619385[0.1446686,44.08006,21.01654]);
(Hsphere{6},0.3672485[0.1446686,44.08006,21.01654]);
(Hsphere{6},0.3717041[0.1446686,44.08006,21.01654]);
(Hsphere{6},0.3772583[0.1446686,45.85606,22.21654]);
(Hsphere{6},0.3815308[0.1446686,45.85606,22.21654]);
(Hsphere{6},0.3864136[0.1446686,45.85606,22.21654]);
(Hsphere{6},0.3912964[0.1446686,45.85606,22.21654]);
(Hsphere{6},0.3963013[0.1446686,47.58407,23.41654]);
(Hsphere{6},0.4013062[0.1446686,47.58407,23.41654]);
(Hsphere{6},0.4060059[0.1446686,47.58407,23.41654]);
(Hsphere{6},0.4113159[0.1446686,47.58407,23.41654]);
(Hsphere{6},0.4158325[0.1446686,49.26407,24.61654]);
(Hsphere{6},0.4213257[0.1446686,49.26407,24.61654]);
(Hsphere{6},0.4255981[0.1446686,49.26407,24.61654]);
(Hsphere{6},0.430542[0.1446686,49.26407,24.61654]);
(Hsphere{6},0.4354248[0.1446686,49.26407,24.61654]);
(Hsphere{6},0.4404907[0.1446686,50.89606,25.81654]);
(Hsphere{6},0.4451904[0.1446686,50.89606,25.81654]);
(Hsphere{6},0.4502563[0.1446686,50.89606,25.81654]);
(Hsphere{6},0.4552612[0.1446686,50.89606,25.81654]);
(Hsphere{6},0.4598999[0.1446686,52.48007,27.01654]);
(Hsphere{6},0.465271[0.1446686,52.48007,27.01654]);
(Hsphere{6},0.4697266[0.1446686,52.48007,27.01654]);
(Hsphere{6},0.4746094[0.1446686,52.48007,27.01654]);
(Hsphere{6},0.4794922[0.1446686,54.01606,28.21655]);
(Hsphere{6},0.484436[0.1446686,54.01606,28.21655]);
(Hsphere{6},0.4893799[0.1446686,54.01606,28.21655]);
(Hsphere{6},0.4944458[0.1446686,54.01606,28.21655]);
(Hsphere{6},0.4991455[0.1446686,55.50406,29.41655]);
(Hsphere{6},0.5043945[0.1446686,55.50406,29.41655]);
(Hsphere{6},0.5089111[0.1446686,55.50406,29.41655]);
(Hsphere{6},0.5142212[0.1446686,55.50406,29.41655]);
(Hsphere{6},0.5187378[0.1446686,56.94407,30.61655]);
(Hsphere{6},0.5239868[0.1446686,56.94407,30.61655]);
(Hsphere{6},0.5285034[0.1446686,56.94407,30.61655]);
(Hsphere{6},0.5339966[0.1446686,56.94407,30.61655]);
(Hsphere{6},0.5383301[0.1446686,58.33606,31.81655]);
(Hsphere{6},0.5439453[0.1446686,58.33606,31.81655]);
(Hsphere{6},0.5480957[0.1446686,58.33606,31.81655]);
(Hsphere{6},0.5530396[0.1446686,58.33606,31.81655]);
(Hsphere{6},0.5587158[0.1446686,59.68006,33.01655]);
(Hsphere{6},0.5628052[0.1446686,59.68006,33.01655]);
(Hsphere{6},0.567749[0.1446686,59.68006,33.01655]);
(Hsphere{6},0.5727539[0.1446686,59.68006,33.01655]);
(Hsphere{6},0.5775146[0.1446686,60.97606,34.21655]);
(Hsphere{6},0.5827637[0.1446686,60.97606,34.21655]);
(Hsphere{6},0.5873413[0.1446686,60.97606,34.21655]);
(Hsphere{6},0.5922241[0.1446686,60.97606,34.21655]);
(Hsphere{6},0.5971069[0.1446686,62.22406,35.41655]);
(Hsphere{6},0.6019897[0.1446686,62.22406,35.41655]);
(Hsphere{6},0.6069336[0.1446686,62.22406,35.41655]);
(Hsphere{6},0.6118164[0.1446686,62.22406,35.41655]);
(Hsphere{6},0.6166992[0.1446686,63.42405,36.61655]);
(Hsphere{6},0.6217041[0.1446686,63.42405,36.61655]);
(Hsphere{6},0.6265259[0.1446686,63.42405,36.61655]);
(Hsphere{6},0.6317139[0.1446686,63.42405,36.61655]);
(Hsphere{6},0.6362915[0.1446686,64.57605,37.81655]);
(Hsphere{6},0.6417236[0.1446686,64.57605,37.81655]);
(Hsphere{6},0.6461182[0.1446686,64.57605,37.81655]);
(Hsphere{6},0.6517334[0.1446686,64.57605,37.81655]);
(Hsphere{6},0.6559448[0.1446686,65.68005,39.01655]);
(Hsphere{6},0.6617432[0.1446686,65.68005,39.01655]);
(Hsphere{6},0.6662598[0.1446686,65.68005,39.01655]);
(Hsphere{6},0.6706543[0.1446686,65.68005,39.01655]);
(Hsphere{6},0.6755371[0.1446686,65.68005,39.01655]);
(Hsphere{6},0.680603[0.1446686,66.73605,40.21655]);
(Hsphere{6},0.6853027[0.1446686,66.73605,40.21655]);
(Hsphere{6},0.6902466[0.1446686,66.73605,40.21655]);
(Hsphere{6},0.6951294[0.1446686,66.73605,40.21655]);
(Hsphere{6},0.7000122[0.1446686,67.74405,41.41655]);
(Hsphere{6},0.704895[0.1446686,67.74405,41.41655]);
(Hsphere{6},0.7098389[0.1446686,67.74405,41.41655]);
(Hsphere{6},0.7147217[0.1446686,67.74405,41.41655]);
(Hsphere{6},0.7196655[0.1446686,68.70406,42.61655]);
(Hsphere{6},0.7245483[0.1446686,68.70406,42.61655]);
(Hsphere{6},0.7296753[0.1446686,68.70406,42.61655]);
(Hsphere{6},0.734314[0.1446686,68.70406,42.61655]);
(Hsphere{6},0.7391968[0.1446686,69.61606,43.81655]);
(Hsphere{6},0.7442017[0.1446686,69.61606,43.81655]);
(Hsphere{6},0.7490234[0.1446686,69.61606,43.81655]);
(Hsphere{6},0.7539673[0.1446686,69.61606,43.81655]);
(Hsphere{6},0.7587891[0.1446686,70.48006,45.01655]);
(Hsphere{6},0.7637329[0.1446686,70.48006,45.01655]);
(Hsphere{6},0.7687378[0.1446686,70.48006,45.01655]);
(Hsphere{6},0.7739868[0.1446686,70.48006,45.01655]);
(Hsphere{6},0.7787476[0.1446686,71.29605,46.21655]);
(Hsphere{6},0.7833252[0.1446686,71.29605,46.21655]);
(Hsphere{6},0.7887573[0.1446686,71.29605,46.21655]);
(Hsphere{6},0.7930908[0.1446686,71.29605,46.21655]);
(Hsphere{6},0.7980347[0.1446686,72.06406,47.41655]);
(Hsphere{6},0.8029175[0.1446686,72.06406,47.41655]);
(Hsphere{6},0.8079224[0.1446686,72.06406,47.41655]);
(Hsphere{6},0.8127441[0.1446686,72.06406,47.41655]);
(Hsphere{6},0.817627[0.1446686,72.78406,48.61655]);
(Hsphere{6},0.8225098[0.1446686,72.78406,48.61655]);
(Hsphere{6},0.8273926[0.1446686,72.78406,48.61655]);
(Hsphere{6},0.8323364[0.1446686,72.78406,48.61655]);
(Hsphere{6},0.8372192[0.1446686,73.45605,49.81656]);
(Hsphere{6},0.8421021[0.1446686,73.45605,49.81656]);
(Hsphere{6},0.8470459[0.1446686,73.45605,49.81656]);
(Hsphere{6},0.8519287[0.1446686,73.45605,49.81656]);
(Hsphere{6},0.8568115[0.1446686,74.08005,51.01656]);
(Hsphere{6},0.8621826[0.1446686,74.08005,51.01656]);
(Hsphere{6},0.8666382[0.1446686,74.08005,51.01656]);
(Hsphere{6},0.8721924[0.1446686,74.08005,51.01656]);
(Hsphere{6},0.8764038[0.1446686,74.65605,52.21656]);
(Hsphere{6},0.8813477[0.1446686,74.65605,52.21656]);
(Hsphere{6},0.8862305[0.1446686,74.65605,52.21656]);
(Hsphere{6},0.8912354[0.1446686,74.65605,52.21656]);
(Hsphere{6},0.8959961[0.1446686,75.18405,53.41656]);
(Hsphere{6},0.901062[0.1446686,75.18405,53.41656]);
(Hsphere{6},0.9058228[0.1446686,75.18405,53.41656]);
(Hsphere{6},0.9110718[0.1446686,75.18405,53.41656]);
(Hsphere{6},0.9155884[0.1446686,75.66405,54.61656]);
(Hsphere{6},0.9210815[0.1446686,75.66405,54.61656]);
(Hsphere{6},0.925415[0.1446686,75.66405,54.61656]);
(Hsphere{6},0.9310913[0.1446686,75.66405,54.61656]);
(Hsphere{6},0.9352417[0.1446686,75.66405,54.61656]);
(Hsphere{6},0.9401245[0.1446686,76.09604,55.81656]);
(Hsphere{6},0.9459839[0.1446686,76.09604,55.81656]);
(Hsphere{6},0.9499512[0.1446686,76.09604,55.81656]);
(Hsphere{6},0.9552002[0.1446686,76.09604,55.81656]);
(Hsphere{6},0.9597168[0.1446686,76.48004,57.01656]);
(Hsphere{6},0.9649658[0.1446686,76.48004,57.01656]);
(Hsphere{6},0.9695435[0.1446686,76.48004,57.01656]);
(Hsphere{6},0.9744263[0.1446686,76.48004,57.01656]);
(Hsphere{6},0.9793091[0.1446686,76.81604,58.21656]);
(Hsphere{6},0.9841919[0.1446686,76.81604,58.21656]);
(Hsphere{6},0.9891357[0.1446686,76.81604,58.21656]);
(Hsphere{6},0.9941406[0.1446686,76.81604,58.21656]);
(Hsphere{6},0.9989014[0.1446686,77.10405,59.41656]);
(Hsphere{6},1.003967[0.1446686,77.10405,59.41656]);
(Hsphere{6},1.008728[0.1446686,77.10405,59.41656]);
(Hsphere{6},1.013794[0.1446686,77.10405,59.41656]);
(Hsphere{6},1.018494[0.1446686,77.34404,60.61656]);
(Hsphere{6},1.023987[0.1446686,77.34404,60.61656]);
(Hsphere{6},1.02832[0.1446686,77.34404,60.61656]);
(Hsphere{6},1.033569[0.1446686,77.34404,60.61656]);
(Hsphere{6},1.038147[0.1446686,77.53604,61.81656]);
(Hsphere{6},1.043579[0.1446686,77.53604,61.81656]);
(Hsphere{6},1.047913[0.1446686,77.53604,61.81656]);
(Hsphere{6},1.053406[0.1446686,77.53604,61.81656]);
(Hsphere{6},1.057739[0.1446686,77.68004,63.01656]);
(Hsphere{6},1.062622[0.1446686,77.68004,63.01656]);
(Hsphere{6},1.067505[0.1446686,77.68004,63.01656]);
(Hsphere{6},1.072449[0.1446686,77.68004,63.01656]);
(Hsphere{6},1.077332[0.1446686,77.77605,64.21657]);
(Hsphere{6},1.082214[0.1446686,77.77605,64.21657]);
(Hsphere{6},1.087219[0.1446686,77.77605,64.21657]);
(Hsphere{6},1.092041[0.1446686,77.77605,64.21657]);
(Hsphere{6},1.097229[0.1446686,77.82404,65.41656]);
(Hsphere{6},1.101807[0.1446686,77.82404,65.41656]);
(Hsphere{6},1.107239[0.1446686,77.82404,65.41656]);
(Hsphere{6},1.111633[0.1446686,77.82404,65.41656]);
(Hsphere{6},1.117249[0.1446686,77.82404,66.61657]);
(Hsphere{6},2.136047[5.093128E-05,-0.002147675,120.5472]);
}
