grabfrontl:5{
(Hsphere{13},0.8966675[-33.14146,14.47288,-14.398]);
(Hsphere{13},0.9016113[-33.13726,14.0332,-13.82188]);
(Hsphere{13},0.9064941[-33.12172,13.6057,-13.21373]);
(Hsphere{13},0.911377[-33.09834,13.19247,-12.57322]);
(Hsphere{13},0.9163208[-33.06717,12.79104,-11.90078]);
(Hsphere{13},0.9212036[-33.02385,12.39492,-11.19868]);
(Hsphere{13},0.9260864[-32.96962,12.0064,-10.46834]);
(Hsphere{13},0.9309692[-32.90607,11.62731,-9.710951]);
(Hsphere{13},0.9364014[-32.84553,11.2491,-8.925513]);
(Hsphere{13},0.940918[-32.76945,10.84926,-8.03344]);
(Hsphere{13},0.9456787[-32.698,10.5265,-7.258341]);
(Hsphere{13},0.9506226[-32.61647,10.20443,-6.425843]);
(Hsphere{13},0.9555054[-32.52568,9.891649,-5.54853]);
(Hsphere{13},0.9603882[-32.42796,9.598923,-4.650849]);
(Hsphere{13},0.965332[-32.32331,9.327519,-3.733846]);
(Hsphere{13},0.9702148[-32.21062,9.075994,-2.784028]);
(Hsphere{13},0.9750977[-32.09543,8.855091,-1.817727]);
(Hsphere{13},0.9799805[-31.97066,8.656498,-0.8009815]);
(Hsphere{13},0.9854126[-31.83413,8.482796,0.2498291]);
(Hsphere{13},0.9898071[-31.66349,8.316945,1.454415]);
(Hsphere{13},0.9946899[-31.50636,8.200778,2.454341]);
(Hsphere{13},1[-31.30454,8.087697,3.607595]);
(Hsphere{13},1.004517[-31.05026,7.984838,4.891917]);
(Hsphere{13},1.009399[-30.80492,7.914131,5.993454]);
(Hsphere{13},1.014709[-30.50033,7.852894,7.216606]);
(Hsphere{13},1.019226[-30.12326,7.804309,8.558535]);
(Hsphere{13},1.024109[-29.76647,7.775668,9.698022]);
(Hsphere{13},1.029724[-29.33829,7.747328,10.95246]);
(Hsphere{13},1.033875[-28.77705,7.723354,12.40213]);
(Hsphere{13},1.038818[-28.31238,7.711376,13.48069]);
(Hsphere{13},1.043701[-27.71214,7.704633,14.75246]);
(Hsphere{13},1.049011[-27.05992,7.718085,16.0272]);
(Hsphere{13},1.053467[-26.29376,7.755512,17.4089]);
(Hsphere{13},1.058411[-25.59385,7.802137,18.57654]);
(Hsphere{13},1.063293[-24.77384,7.864909,19.84435]);
(Hsphere{13},1.068176[-23.89619,7.936708,21.09445]);
(Hsphere{13},1.07312[-22.96236,8.01388,22.31792]);
(Hsphere{13},1.078003[-21.9746,8.093064,23.50687]);
(Hsphere{13},1.083008[-20.93441,8.171342,24.65587]);
(Hsphere{13},1.087769[-19.82592,8.247318,25.77731]);
(Hsphere{13},1.093018[-18.72499,8.314145,26.79737]);
(Hsphere{13},1.097595[-17.48744,8.378408,27.84464]);
(Hsphere{13},1.103027[-16.38119,8.427728,28.70228]);
(Hsphere{13},1.107422[-15.04654,8.475194,29.64189]);
(Hsphere{13},1.112305[-13.95406,8.50412,30.34026]);
(Hsphere{13},1.117188[-12.72376,8.526061,31.05728]);
(Hsphere{13},1.12207[-11.50233,8.542362,31.71156]);
(Hsphere{13},1.127014[-10.29936,8.55512,32.30752]);
(Hsphere{13},1.132019[-9.119863,8.563902,32.84811]);
(Hsphere{13},1.137024[-7.941747,8.567213,33.34642]);
(Hsphere{13},1.141724[-6.788903,8.558422,33.78981]);
(Hsphere{13},1.147034[-5.733015,8.539501,34.15915]);
(Hsphere{13},1.151489[-4.560143,8.506877,34.53126]);
(Hsphere{13},1.157043[-3.607432,8.471792,34.80622]);
(Hsphere{13},1.161316[-2.460486,8.419803,35.10772]);
(Hsphere{13},1.166199[-1.611243,8.374696,35.31222]);
(Hsphere{13},1.171082[-0.6671682,8.318181,35.5232]);
(Hsphere{13},1.176392[0.2382387,8.257882,35.7119]);
(Hsphere{13},1.180908[1.169675,8.189806,35.8954]);
(Hsphere{13},1.185791[1.925721,8.130207,36.03937]);
(Hsphere{13},1.190674[2.704377,8.064916,36.18643]);
(Hsphere{13},1.195618[3.442741,8.000384,36.3302]);
(Hsphere{13},1.200623[4.14746,7.937801,36.47699]);
(Hsphere{13},1.205444[4.825624,7.878151,36.63263]);
(Hsphere{13},1.210266[5.440479,7.827352,36.78591]);
(Hsphere{13},1.21521[6.041998,7.777442,36.93242]);
(Hsphere{13},1.220459[6.640326,7.723385,37.0784]);
(Hsphere{13},1.225464[7.277213,7.661633,37.23335]);
(Hsphere{13},1.229919[7.871078,7.601326,37.36278]);
(Hsphere{13},1.234802[8.395968,7.545374,37.46707]);
(Hsphere{13},1.240479[8.985847,7.48121,37.57928]);
(Hsphere{13},1.245117[9.677025,7.40775,37.70274]);
(Hsphere{13},1.249512[10.24157,7.354146,37.77642]);
(Hsphere{13},1.2547[10.78369,7.308991,37.83894]);
(Hsphere{13},1.259277[11.44236,7.265349,37.9045]);
(Hsphere{13},1.264221[12.04228,7.239176,37.95315]);
(Hsphere{13},1.269104[12.67884,7.22829,37.97279]);
(Hsphere{13},1.274658[13.30894,7.228986,37.97575]);
(Hsphere{13},1.27887[14.01598,7.244948,37.95739]);
(Hsphere{13},1.283813[14.53875,7.269104,37.92555]);
(Hsphere{13},1.288696[15.13642,7.319914,37.8683]);
(Hsphere{13},1.293579[15.71706,7.394561,37.79741]);
(Hsphere{13},1.298889[16.27755,7.491764,37.71219]);
(Hsphere{13},1.303406[16.86298,7.621202,37.60419]);
(Hsphere{13},1.308289[17.34402,7.7498,37.49875]);
(Hsphere{13},1.313904[17.83952,7.904892,37.36958]);
(Hsphere{13},1.318115[18.36898,8.098239,37.20325]);
(Hsphere{13},1.322998[18.74858,8.252275,37.07121]);
(Hsphere{13},1.327881[19.16462,8.438516,36.90501]);
(Hsphere{13},1.332947[19.54657,8.627691,36.72451]);
(Hsphere{13},1.337708[19.90237,8.820898,36.52509]);
(Hsphere{13},1.342957[20.21977,9.014039,36.3225]);
(Hsphere{13},1.347473[20.56724,9.260532,36.08247]);
(Hsphere{13},1.352966[20.8596,9.500303,35.8622]);
(Hsphere{13},1.3573[21.1987,9.82471,35.57572]);
(Hsphere{13},1.362183[21.44727,10.10764,35.32723]);
(Hsphere{13},1.367126[21.71085,10.45487,35.03093]);
(Hsphere{13},1.372009[21.95161,10.82863,34.72017]);
(Hsphere{13},1.376892[22.16658,11.22745,34.39581]);
(Hsphere{13},1.382019[22.35247,11.64814,34.0601]);
(Hsphere{13},1.386719[22.51356,12.10925,33.69828]);
(Hsphere{13},1.391785[22.62942,12.54791,33.35895]);
(Hsphere{13},1.396484[22.71964,13.03956,32.98339]);
(Hsphere{13},1.401367[22.76914,13.5056,32.63137]);
(Hsphere{13},1.406311[22.78554,13.99833,32.26286]);
(Hsphere{13},1.411194[22.76625,14.49593,31.8941]);
(Hsphere{13},1.416077[22.7244,14.99063,31.53379]);
(Hsphere{13},1.421021[22.64768,15.46468,31.18398]);
(Hsphere{13},1.425903[22.53486,15.9147,30.84549]);
(Hsphere{13},1.430847[22.38915,16.33848,30.52036]);
(Hsphere{13},1.435852[22.24138,16.73902,30.22401]);
(Hsphere{13},1.440857[22.06908,17.11929,29.94089]);
(Hsphere{13},1.445496[21.8778,17.47029,29.67692]);
}
