grab_head_front_r:10{
(Hsphere{25},1.126709[22.06958,98.84245,41.12544]);
(Hsphere{25},1.132324[21.46061,99.23941,40.91611]);
(Hsphere{25},1.136475[20.77026,99.70004,40.65917]);
(Hsphere{25},1.141357[20.28103,100.0342,40.46397]);
(Hsphere{25},1.14624[19.71197,100.4323,40.22277]);
(Hsphere{25},1.151367[19.15775,100.8307,39.97254]);
(Hsphere{25},1.156006[18.5959,101.2447,39.70329]);
(Hsphere{25},1.161377[18.08598,101.6228,39.44636]);
(Hsphere{25},1.165894[17.52221,102.0443,39.1482]);
(Hsphere{25},1.171387[17.0517,102.4002,38.88771]);
(Hsphere{25},1.175659[16.49016,102.8317,38.56238]);
(Hsphere{25},1.180542[16.06242,103.1666,38.30358]);
(Hsphere{25},1.185425[15.58701,103.5468,38.00426]);
(Hsphere{25},1.19043[15.12558,103.9257,37.70127]);
(Hsphere{25},1.19519[14.68276,104.3012,37.39277]);
(Hsphere{25},1.200439[14.26818,104.6672,37.08308]);
(Hsphere{25},1.205078[13.85767,105.0478,36.75546]);
(Hsphere{25},1.210327[13.50544,105.3933,36.45664]);
(Hsphere{25},1.214844[13.12808,105.7902,36.11523]);
(Hsphere{25},1.220337[12.8318,106.1262,35.83089]);
(Hsphere{25},1.224609[12.48634,106.5507,35.48135]);
(Hsphere{25},1.229614[12.23654,106.8836,35.21712]);
(Hsphere{25},1.235229[11.96353,107.2763,34.91849]);
(Hsphere{25},1.239502[11.66517,107.7449,34.58264]);
(Hsphere{25},1.244263[11.44806,108.1145,34.33432]);
(Hsphere{25},1.249634[11.22401,108.5267,34.07428]);
(Hsphere{25},1.254272[10.98242,109.0107,33.79602]);
(Hsphere{25},1.258911[10.78112,109.4513,33.57218]);
(Hsphere{25},1.264526[10.59145,109.9045,33.37417]);
(Hsphere{25},1.268799[10.40952,110.4939,33.18597]);
(Hsphere{25},1.274536[10.32295,111.0105,33.08546]);
(Hsphere{25},1.278564[10.27822,111.7925,33.01645]);
(Hsphere{25},1.283569[10.29675,112.3976,33.01447]);
(Hsphere{25},1.288574[10.37418,113.209,33.05415]);
(Hsphere{25},1.293213[10.50396,114.1004,33.15784]);
(Hsphere{25},1.298096[10.67598,115.0049,33.31592]);
(Hsphere{25},1.303589[10.91266,116.0142,33.53881]);
(Hsphere{25},1.308594[11.23135,117.2029,33.82709]);
(Hsphere{25},1.312866[11.56843,118.3711,34.13079]);
(Hsphere{25},1.317749[11.88686,119.4187,34.41329]);
(Hsphere{25},1.322632[12.28529,120.6602,34.74988]);
(Hsphere{25},1.327515[12.69826,121.9126,35.09893]);
(Hsphere{25},1.332397[13.10756,123.1667,35.46067]);
(Hsphere{25},1.337402[13.49821,124.4129,35.83076]);
(Hsphere{25},1.342285[13.86125,125.6436,36.20092]);
(Hsphere{25},1.347168[14.19538,126.8535,36.55732]);
(Hsphere{25},1.352051[14.4886,128.0346,36.89497]);
(Hsphere{25},1.357056[14.72857,129.1787,37.20961]);
(Hsphere{25},1.362061[14.90475,130.2919,37.50093]);
(Hsphere{25},1.367676[15.00172,131.36,37.76289]);
(Hsphere{25},1.37207[14.99898,132.4904,38.01517]);
(Hsphere{25},1.376587[14.90707,133.3153,38.17868]);
(Hsphere{25},1.38208[14.75157,134.1349,38.32483]);
(Hsphere{25},1.386353[14.49618,135.0736,38.46919]);
(Hsphere{25},1.391968[14.24512,135.777,38.55911]);
(Hsphere{25},1.396118[13.85462,136.6509,38.65137]);
(Hsphere{25},1.401001[13.53202,137.2485,38.69932]);
(Hsphere{25},1.406006[13.11151,137.9132,38.73138]);
(Hsphere{25},1.411011[12.64632,138.5391,38.73615]);
(Hsphere{25},1.415771[12.1486,139.1234,38.72431]);
(Hsphere{25},1.421021[11.65853,139.6393,38.69051]);
(Hsphere{25},1.425537[11.08948,140.179,38.62154]);
(Hsphere{25},1.43103[10.59939,140.6021,38.53777]);
(Hsphere{25},1.435303[9.988968,141.0963,38.42418]);
(Hsphere{25},1.440308[9.517533,141.4509,38.31412]);
(Hsphere{25},1.44519[8.98762,141.825,38.16441]);
(Hsphere{25},1.450073[8.472059,142.1692,37.99331]);
(Hsphere{25},1.455078[7.968343,142.4986,37.81549]);
(Hsphere{25},1.459839[7.484556,142.8024,37.6122]);
(Hsphere{25},1.465088[7.055094,143.0641,37.39873]);
(Hsphere{25},1.469604[6.618582,143.3315,37.15155]);
(Hsphere{25},1.475098[6.26658,143.564,36.9299]);
(Hsphere{25},1.479492[5.880802,143.8413,36.63982]);
(Hsphere{25},1.485107[5.600379,144.0651,36.38784]);
(Hsphere{25},1.489258[5.262218,144.373,36.04018]);
(Hsphere{25},1.494263[5.026266,144.6043,35.77786]);
(Hsphere{25},1.499023[4.754778,144.8862,35.45067]);
(Hsphere{25},1.503906[4.507256,145.1603,35.12657]);
(Hsphere{25},1.508911[4.260633,145.4535,34.77746]);
(Hsphere{25},1.513794[4.01991,145.7649,34.41039]);
(Hsphere{25},1.518677[3.797946,146.0769,34.04694]);
(Hsphere{25},1.52356[3.576614,146.4133,33.65935]);
(Hsphere{25},1.529419[3.357181,146.7711,33.24952]);
(Hsphere{25},1.533325[3.102376,147.2109,32.74297]);
(Hsphere{25},1.538208[2.925298,147.5276,32.37324]);
(Hsphere{25},1.543091[2.707538,147.9245,31.90081]);
(Hsphere{25},1.54834[2.485089,148.333,31.40101]);
(Hsphere{25},1.552979[2.241548,148.7773,30.83779]);
(Hsphere{25},1.55835[2.022674,149.1694,30.32087]);
(Hsphere{25},1.562744[1.75581,149.638,29.67493]);
(Hsphere{25},1.567627[1.550898,150.0073,29.14282]);
(Hsphere{25},1.57251[1.333631,150.4129,28.5318]);
(Hsphere{25},1.577393[1.131958,150.8061,27.91015]);
(Hsphere{25},1.582397[0.9451941,151.1905,27.27842]);
(Hsphere{25},1.58728[0.767166,151.5624,26.6306]);
(Hsphere{25},1.592163[0.5980124,151.9176,25.96823]);
(Hsphere{25},1.597046[0.438249,152.2544,25.29348]);
(Hsphere{25},1.601929[0.2883259,152.5705,24.61085]);
(Hsphere{25},1.606812[0.1483398,152.8635,23.92536]);
(Hsphere{25},1.611694[0.01844996,153.1337,23.23951]);
(Hsphere{25},1.616699[-0.1013009,153.3814,22.5558]);
(Hsphere{25},1.621704[-0.2109005,153.6073,21.87675]);
}
