grabfrontl:1{
(Hsphere{3.4},0.5684204[-6.628217,2.982424,-2.891588]);
(Hsphere{3.4},0.5737915[-6.626506,2.852408,-2.719315]);
(Hsphere{3.4},0.578186[-6.619033,2.70704,-2.498777]);
(Hsphere{3.4},0.5831299[-6.609057,2.593683,-2.305279]);
(Hsphere{3.4},0.5880127[-6.592496,2.470426,-2.075897]);
(Hsphere{3.4},0.5935059[-6.572918,2.350523,-1.832756]);
(Hsphere{3.4},0.5978394[-6.548307,2.221879,-1.544929]);
(Hsphere{3.4},0.6027222[-6.525696,2.128125,-1.30911]);
(Hsphere{3.4},0.607605[-6.496658,2.030197,-1.030753]);
(Hsphere{3.4},0.6135254[-6.464157,1.942575,-0.7424504]);
(Hsphere{3.4},0.6174316[-6.420877,1.852472,-0.3784479]);
(Hsphere{3.4},0.6224976[-6.389284,1.802789,-0.1218451]);
(Hsphere{3.4},0.6271973[-6.341645,1.74946,0.2302106]);
(Hsphere{3.4},0.6321411[-6.287926,1.71019,0.5701462]);
(Hsphere{3.4},0.6370239[-6.217977,1.678005,0.9404751]);
(Hsphere{3.4},0.6419067[-6.131002,1.654475,1.322649]);
(Hsphere{3.4},0.6467896[-6.024338,1.639113,1.712761]);
(Hsphere{3.4},0.6517334[-5.897143,1.629463,2.107542]);
(Hsphere{3.4},0.6566162[-5.744735,1.622616,2.506194]);
(Hsphere{3.4},0.661499[-5.563396,1.619214,2.907624]);
(Hsphere{3.4},0.6665649[-5.355137,1.624241,3.310685]);
(Hsphere{3.4},0.6713257[-5.111909,1.639207,3.726335]);
(Hsphere{3.4},0.6762085[-4.855377,1.659338,4.11298]);
(Hsphere{3.4},0.6817627[-4.562542,1.683505,4.500933]);
(Hsphere{3.4},0.6867676[-4.200581,1.711556,4.916641]);
(Hsphere{3.4},0.690918[-3.846957,1.735147,5.267198]);
(Hsphere{3.4},0.6958008[-3.536723,1.752063,5.536982]);
(Hsphere{3.4},0.7007446[-3.161414,1.768237,5.823731]);
(Hsphere{3.4},0.7057495[-2.776276,1.779427,6.076921]);
(Hsphere{3.4},0.7105103[-2.375795,1.785815,6.303047]);
(Hsphere{3.4},0.7157593[-2.007336,1.789765,6.486315]);
(Hsphere{3.4},0.7203369[-1.613005,1.791763,6.659281]);
(Hsphere{3.4},0.725769[-1.282467,1.788853,6.785086]);
(Hsphere{3.4},0.7303467[-0.9000449,1.779258,6.909852]);
(Hsphere{3.4},0.7349854[-0.5949742,1.767168,6.995258]);
(Hsphere{3.4},0.7399292[-0.2982318,1.751859,7.067993]);
(Hsphere{3.4},0.744812[-0.004791927,1.733474,7.131691]);
(Hsphere{3.4},0.7496948[0.2691129,1.713539,7.185836]);
(Hsphere{3.4},0.7546387[0.5207509,1.692997,7.233469]);
(Hsphere{3.4},0.7595215[0.7523317,1.672703,7.279027]);
(Hsphere{3.4},0.7644043[0.9654837,1.65388,7.326613]);
(Hsphere{3.4},0.7694702[1.161338,1.637787,7.375011]);
(Hsphere{3.4},0.774231[1.357859,1.620144,7.422943]);
(Hsphere{3.4},0.77948[1.536919,1.602399,7.46497]);
(Hsphere{3.4},0.7839966[1.735116,1.581278,7.504197]);
(Hsphere{3.4},0.7889404[1.908,1.56268,7.535805]);
(Hsphere{3.4},0.7938232[2.097432,1.544841,7.561131]);
(Hsphere{3.4},0.7987061[2.292979,1.531103,7.581304]);
(Hsphere{3.4},0.8035889[2.494613,1.524403,7.593637]);
(Hsphere{3.4},0.8085327[2.693854,1.524514,7.594738]);
(Hsphere{3.4},0.8136597[2.88805,1.530916,7.586722]);
(Hsphere{3.4},0.8182983[3.084753,1.549016,7.567051]);
(Hsphere{3.4},0.8236694[3.255418,1.576615,7.542454]);
(Hsphere{3.4},0.828125[3.440344,1.620201,7.506366]);
(Hsphere{3.4},0.8330078[3.583286,1.664514,7.469476]);
(Hsphere{3.4},0.8378906[3.727137,1.719309,7.422353]);
(Hsphere{3.4},0.8428345[3.858313,1.778162,7.369668]);
(Hsphere{3.4},0.8477173[3.973118,1.838311,7.309475]);
(Hsphere{3.4},0.8526611[4.075381,1.902422,7.243314]);
(Hsphere{3.4},0.8575439[4.177225,1.983021,7.168253]);
(Hsphere{3.4},0.8624268[4.269817,2.076547,7.085705]);
(Hsphere{3.4},0.8673096[4.353509,2.18575,6.992345]);
(Hsphere{3.4},0.8726807[4.425443,2.307998,6.891891]);
(Hsphere{3.4},0.8771362[4.487763,2.45433,6.775455]);
(Hsphere{3.4},0.8826904[4.525233,2.584992,6.673999]);
(Hsphere{3.4},0.8876953[4.551986,2.756082,6.543823]);
(Hsphere{3.4},0.8917847[4.556496,2.915169,6.424916]);
(Hsphere{3.4},0.8967285[4.547873,3.048248,6.327292]);
(Hsphere{3.4},0.9016113[4.523655,3.198064,6.216741]);
(Hsphere{3.4},0.9064941[4.481863,3.335551,6.11215]);
(Hsphere{3.4},0.9116821[4.433619,3.460258,6.019419]);
(Hsphere{3.4},0.9163208[4.372599,3.577291,5.931633]);
}
