grabbackr:1{
(Hsphere{3.4},0.6762085[6.834998,5.075945,0.5901149]);
(Hsphere{3.4},0.6817932[6.935351,5.096713,0.2820704]);
(Hsphere{3.4},0.6860046[7.029894,5.077694,-0.132903]);
(Hsphere{3.4},0.690918[7.074728,5.012609,-0.5123521]);
(Hsphere{3.4},0.6958008[7.074942,4.85863,-1.046946]);
(Hsphere{3.4},0.7007141[6.984671,4.60159,-1.690632]);
(Hsphere{3.4},0.7055969[6.76339,4.235611,-2.418991]);
(Hsphere{3.4},0.7105103[6.376753,3.77146,-3.18392]);
(Hsphere{3.4},0.7154846[5.820917,3.25261,-3.914702]);
(Hsphere{3.4},0.7209778[5.1057,2.716512,-4.562199]);
(Hsphere{3.4},0.7252197[4.193977,2.164085,-5.112255]);
(Hsphere{3.4},0.7307739[3.455497,1.79412,-5.407236]);
(Hsphere{3.4},0.7350159[2.523823,1.407958,-5.64025]);
(Hsphere{3.4},0.7406006[1.912505,1.199158,-5.729355]);
(Hsphere{3.4},0.744812[1.297597,1.024844,-5.787939]);
(Hsphere{3.4},0.7503052[0.9631961,0.9431599,-5.815614]);
(Hsphere{3.4},0.7546082[0.6627744,0.8745598,-5.854321]);
(Hsphere{3.4},0.7595215[0.5141335,0.8400306,-5.892953]);
(Hsphere{3.4},0.7644043[0.4148294,0.8135471,-5.946525]);
(Hsphere{3.4},0.7693176[0.3663024,0.7958592,-6.007349]);
(Hsphere{3.4},0.7742004[0.3452193,0.7842399,-6.070166]);
(Hsphere{3.4},0.7791138[0.3266514,0.7765912,-6.129649]);
(Hsphere{3.4},0.7841187[0.3008353,0.7753588,-6.1845]);
(Hsphere{3.4},0.7891235[0.2800005,0.7860281,-6.237943]);
(Hsphere{3.4},0.7937927[0.2587982,0.8062257,-6.285503]);
(Hsphere{3.4},0.7991333[0.2405708,0.8328986,-6.325529]);
(Hsphere{3.4},0.8036194[0.2228909,0.8715655,-6.366786]);
(Hsphere{3.4},0.8091125[0.2141535,0.9146612,-6.398351]);
(Hsphere{3.4},0.8134155[0.2064238,0.9753207,-6.433596]);
(Hsphere{3.4},0.8182983[0.2022812,1.027099,-6.458396]);
(Hsphere{3.4},0.8232117[0.1994193,1.090771,-6.484309]);
(Hsphere{3.4},0.8280945[0.1984793,1.158366,-6.507792]);
(Hsphere{3.4},0.8330078[0.1993878,1.229066,-6.529063]);
(Hsphere{3.4},0.8379211[0.2021046,1.30204,-6.548348]);
(Hsphere{3.4},0.842804[0.2066232,1.376437,-6.56588]);
(Hsphere{3.4},0.8477478[0.2129743,1.451386,-6.581894]);
(Hsphere{3.4},0.8526001[0.2213337,1.526752,-6.596783]);
(Hsphere{3.4},0.8575745[0.2315445,1.599394,-6.61037]);
(Hsphere{3.4},0.8623962[0.2442374,1.671541,-6.623506]);
(Hsphere{3.4},0.8675842[0.258926,1.73895,-6.635813]);
(Hsphere{3.4},0.8721924[0.2756123,1.809139,-6.648238]);
(Hsphere{3.4},0.877594[0.2906638,1.870887,-6.658661]);
(Hsphere{3.4},0.8825989[0.3080157,1.941694,-6.670067]);
(Hsphere{3.4},0.8869019[0.323692,2.006646,-6.680058]);
(Hsphere{3.4},0.8923645[0.3366206,2.061989,-6.688246]);
(Hsphere{3.4},0.896698[0.3519699,2.131505,-6.698165]);
(Hsphere{3.4},0.9017944[0.3631288,2.186297,-6.705733]);
(Hsphere{3.4},0.9064941[0.3748032,2.25016,-6.714327]);
(Hsphere{3.4},0.9117737[0.3840679,2.309139,-6.722099]);
(Hsphere{3.4},0.9163208[0.3924895,2.374992,-6.730631]);
(Hsphere{3.4},0.9217834[0.3989117,2.431064,-6.737662]);
(Hsphere{3.4},0.9261169[0.4061896,2.498855,-6.745794]);
(Hsphere{3.4},0.9315491[0.4112295,2.551795,-6.751749]);
(Hsphere{3.4},0.9359131[0.4170186,2.618477,-6.75881]);
(Hsphere{3.4},0.9407959[0.4212379,2.671839,-6.764106]);
(Hsphere{3.4},0.9457092[0.4255279,2.731847,-6.769666]);
(Hsphere{3.4},0.950592[0.4293274,2.79194,-6.774795]);
(Hsphere{3.4},0.9555664[0.4325854,2.852041,-6.779516]);
(Hsphere{3.4},0.9604187[0.4352014,2.912392,-6.783997]);
(Hsphere{3.4},0.9655762[0.437087,2.97102,-6.788108]);
}
