grabfrontr:2{
(Hsphere{5.8},0.6427307[13.19688,5.974216,-5.811894]);
(Hsphere{5.8},0.6468201[13.19485,5.659808,-5.401151]);
(Hsphere{5.8},0.6526489[13.18744,5.441632,-5.083221]);
(Hsphere{5.8},0.6566162[13.16911,5.141362,-4.595688]);
(Hsphere{5.8},0.661499[13.15175,4.944304,-4.240352]);
(Hsphere{5.8},0.6664124[13.1257,4.711519,-3.778025]);
(Hsphere{5.8},0.6712952[13.09507,4.491336,-3.290182]);
(Hsphere{5.8},0.6762085[13.06016,4.284948,-2.7779]);
(Hsphere{5.8},0.6817932[13.01953,4.094296,-2.247044]);
(Hsphere{5.8},0.6860046[12.96278,3.898623,-1.630133]);
(Hsphere{5.8},0.690918[12.91249,3.76786,-1.162186]);
(Hsphere{5.8},0.6965637[12.84548,3.627525,-0.583567]);
(Hsphere{5.8},0.7007141[12.75056,3.478621,0.1366313]);
(Hsphere{5.8},0.706543[12.66753,3.376106,0.7010509]);
(Hsphere{5.8},0.7105408[12.52515,3.251755,1.546342]);
(Hsphere{5.8},0.7154236[12.40339,3.182181,2.153823]);
(Hsphere{5.8},0.7203064[12.22442,3.115172,2.913695]);
(Hsphere{5.8},0.7252197[12.00525,3.066888,3.695402]);
(Hsphere{5.8},0.7301025[11.74328,3.036716,4.482377]);
(Hsphere{5.8},0.7350159[11.43156,3.019405,5.271573]);
(Hsphere{5.8},0.7398987[11.06668,3.01237,6.060634]);
(Hsphere{5.8},0.744812[10.64843,3.015403,6.84411]);
(Hsphere{5.8},0.7497253[10.17831,3.028254,7.615873]);
(Hsphere{5.8},0.7546082[9.657941,3.050455,8.368745]);
(Hsphere{5.8},0.7600403[9.105528,3.079959,9.083912]);
(Hsphere{5.8},0.7644043[8.451107,3.123937,9.83406]);
(Hsphere{5.8},0.7693176[7.901629,3.168703,10.39638]);
(Hsphere{5.8},0.7748718[7.267646,3.220609,10.9754]);
(Hsphere{5.8},0.7791138[6.535554,3.272531,11.55949]);
(Hsphere{5.8},0.7839966[5.970355,3.306215,11.95666]);
(Hsphere{5.8},0.7889099[5.319948,3.337976,12.36276]);
(Hsphere{5.8},0.7938843[4.67245,3.36158,12.71921]);
(Hsphere{5.8},0.7988892[4.022293,3.379029,13.0374]);
(Hsphere{5.8},0.803894[3.387633,3.395848,13.32013]);
(Hsphere{5.8},0.8088989[2.773526,3.411222,13.56914]);
(Hsphere{5.8},0.8134155[2.182252,3.424724,13.78677]);
(Hsphere{5.8},0.8182983[1.673859,3.434639,13.95718]);
(Hsphere{5.8},0.8239136[1.146208,3.442005,14.11845]);
(Hsphere{5.8},0.828125[0.5777277,3.44464,14.27527]);
(Hsphere{5.8},0.8330078[0.1768714,3.441595,14.3758]);
(Hsphere{5.8},0.8379211[-0.2614467,3.431524,14.47676]);
(Hsphere{5.8},0.8428345[-0.6673784,3.413239,14.56242]);
(Hsphere{5.8},0.8477173[-1.038409,3.385462,14.63465]);
(Hsphere{5.8},0.8528442[-1.375921,3.352254,14.6986]);
(Hsphere{5.8},0.8575134[-1.708577,3.317004,14.76473]);
(Hsphere{5.8},0.8628235[-1.990566,3.285642,14.82315]);
(Hsphere{5.8},0.8673096[-2.301863,3.251862,14.89147]);
(Hsphere{5.8},0.8728333[-2.561349,3.223579,14.95634]);
(Hsphere{5.8},0.8778381[-2.8776,3.189244,15.03599]);
(Hsphere{5.8},0.882019[-3.173914,3.154808,15.10483]);
(Hsphere{5.8},0.8877258[-3.431084,3.124367,15.16106]);
(Hsphere{5.8},0.8918152[-3.791996,3.084182,15.22318]);
(Hsphere{5.8},0.896759[-4.059773,3.057139,15.26222]);
(Hsphere{5.8},0.9016113[-4.394773,3.028352,15.30044]);
(Hsphere{5.8},0.9065247[-4.732681,3.007249,15.32021]);
(Hsphere{5.8},0.9114075[-5.085455,2.993882,15.32785]);
(Hsphere{5.8},0.9163208[-5.44615,2.991834,15.31625]);
(Hsphere{5.8},0.9212036[-5.806427,3.005723,15.28679]);
(Hsphere{5.8},0.926239[-6.165398,3.037678,15.24348]);
(Hsphere{5.8},0.9309998[-6.527401,3.093867,15.17646]);
(Hsphere{5.8},0.9359131[-6.863579,3.170511,15.09519]);
(Hsphere{5.8},0.9407959[-7.199327,3.27499,14.99436]);
(Hsphere{5.8},0.9457092[-7.519712,3.405644,14.87557]);
(Hsphere{5.8},0.9506836[-7.818986,3.561407,14.73894]);
(Hsphere{5.8},0.9555054[-8.098073,3.744745,14.5814]);
(Hsphere{5.8},0.9606934[-8.342033,3.945407,14.41151]);
(Hsphere{5.8},0.9653015[-8.569306,4.182351,14.21353]);
(Hsphere{5.8},0.9706726[-8.74055,4.408268,14.02762]);
(Hsphere{5.8},0.9750977[-8.89282,4.68309,13.8057]);
(Hsphere{5.8},0.980011[-8.979799,4.914602,13.62182]);
(Hsphere{5.8},0.9855347[-9.04847,5.175316,13.4192]);
(Hsphere{5.8},0.9898071[-9.085913,5.469859,13.18933]);
(Hsphere{5.8},0.9947205[-9.091719,5.693384,13.01529]);
(Hsphere{5.8},0.9996033[-9.077927,5.942166,12.8218]);
(Hsphere{5.8},1.004517[-9.039329,6.180336,12.63314]);
(Hsphere{5.8},1.009491[-8.988171,6.406623,12.45541]);
(Hsphere{5.8},1.014526[-8.922104,6.623838,12.28346]);
(Hsphere{5.8},1.019196[-8.842164,6.826722,12.11933]);
(Hsphere{5.8},1.024109[-8.768451,7.002365,11.98148]);
(Hsphere{5.8},1.029053[-8.682389,7.169357,11.84815]);
}
