grabnaper:6{
(Hsphere{15.4},1.107422[22.96346,72.60847,14.46845]);
(Hsphere{15.4},1.112305[22.95564,72.88304,13.19927]);
(Hsphere{15.4},1.117249[22.86738,73.16893,11.85948]);
(Hsphere{15.4},1.122253[22.67455,73.47822,10.41597]);
(Hsphere{15.4},1.127258[22.33429,73.82784,8.792121]);
(Hsphere{15.4},1.131897[21.81051,74.20766,7.00901]);
(Hsphere{15.4},1.136841[21.10625,74.58451,5.171896]);
(Hsphere{15.4},1.142517[20.08597,74.9809,3.052584]);
(Hsphere{15.4},1.146606[18.5765,75.35879,0.5292985]);
(Hsphere{15.4},1.15155[17.31219,75.54042,-1.235098]);
(Hsphere{15.4},1.156494[15.65542,75.65106,-3.207319]);
(Hsphere{15.4},1.161316[13.75608,75.66113,-5.132514]);
(Hsphere{15.4},1.166199[11.83198,75.5531,-6.80117]);
(Hsphere{15.4},1.171143[9.968259,75.34158,-8.189307]);
(Hsphere{15.4},1.176025[8.249044,75.06773,-9.300097]);
(Hsphere{15.4},1.180908[6.629643,74.75803,-10.21904]);
(Hsphere{15.4},1.185913[5.225596,74.44829,-10.91239]);
(Hsphere{15.4},1.190735[4.136746,74.18105,-11.36676]);
(Hsphere{15.4},1.195618[3.45729,74.00516,-11.5848]);
(Hsphere{15.4},1.2005[3.075263,73.90939,-11.6593]);
(Hsphere{15.4},1.205444[2.955585,73.8931,-11.62524]);
(Hsphere{15.4},1.210327[3.042659,73.94427,-11.51372]);
(Hsphere{15.4},1.21521[3.269153,74.03956,-11.34408]);
(Hsphere{15.4},1.220215[3.575916,74.16031,-11.13875]);
(Hsphere{15.4},1.225952[3.915076,74.29391,-10.91916]);
}
