grabnaper:1{
(Hsphere{3.4},0.7060547[3.82548,12.23146,2.187052]);
(Hsphere{3.4},0.7110596[3.787429,12.31683,1.78758]);
(Hsphere{3.4},0.7153931[3.693994,12.40911,1.358465]);
(Hsphere{3.4},0.7210693[3.545677,12.49891,0.9286724]);
(Hsphere{3.4},0.7251587[3.21626,12.6155,0.2776383]);
(Hsphere{3.4},0.7310791[2.894891,12.67061,-0.1934415]);
(Hsphere{3.4},0.7350464[2.341788,12.69277,-0.8089063]);
(Hsphere{3.4},0.7398682[1.92245,12.66926,-1.172815]);
(Hsphere{3.4},0.7450562[1.458198,12.60708,-1.498568]);
(Hsphere{3.4},0.7496948[1.009827,12.52101,-1.752175]);
(Hsphere{3.4},0.7553711[0.7124758,12.45091,-1.885972]);
(Hsphere{3.4},0.7601318[0.5267023,12.40312,-1.941656]);
(Hsphere{3.4},0.7644043[0.4933142,12.39819,-1.934078]);
(Hsphere{3.4},0.7692871[0.5280373,12.41463,-1.902638]);
(Hsphere{3.4},0.7741699[0.6065001,12.4457,-1.849604]);
}
