grab_head_front_r:4{
(Hsphere{10.6},1.121338[8.746467,39.64837,16.42291]);
(Hsphere{10.6},1.127136[8.538393,39.78474,16.34996]);
(Hsphere{10.6},1.131775[8.257688,39.97291,16.24398]);
(Hsphere{10.6},1.136047[8.035893,40.12547,16.15384]);
(Hsphere{10.6},1.14093[7.83837,40.26462,16.06866]);
(Hsphere{10.6},1.145874[7.61672,40.42492,15.9673]);
(Hsphere{10.6},1.150757[7.400288,40.58477,15.86248]);
(Hsphere{10.6},1.15564[7.187301,40.74291,15.75413]);
(Hsphere{10.6},1.160583[6.978147,40.89956,15.64254]);
(Hsphere{10.6},1.165588[6.771466,41.05633,15.52711]);
(Hsphere{10.6},1.170593[6.567015,41.21398,15.40765]);
(Hsphere{10.6},1.175232[6.368121,41.37043,15.28617]);
(Hsphere{10.6},1.180603[6.187821,41.51561,15.17133]);
(Hsphere{10.6},1.185303[5.98753,41.68156,15.03785]);
(Hsphere{10.6},1.190002[5.820681,41.82481,14.91883]);
(Hsphere{10.6},1.194824[5.662928,41.96589,14.7987]);
(Hsphere{10.6},1.200012[5.508764,42.11076,14.67371]);
(Hsphere{10.6},1.204651[5.35536,42.26394,14.54129]);
(Hsphere{10.6},1.209656[5.224511,42.40429,14.42094]);
(Hsphere{10.6},1.214722[5.093029,42.55641,14.29297]);
(Hsphere{10.6},1.21936[4.969363,42.71165,14.16626]);
(Hsphere{10.6},1.224243[4.861081,42.85904,14.05058]);
(Hsphere{10.6},1.229126[4.753184,43.01816,13.93145]);
(Hsphere{10.6},1.23407[4.650721,43.18209,13.81556]);
(Hsphere{10.6},1.238953[4.552876,43.35143,13.70343]);
(Hsphere{10.6},1.243835[4.460265,43.52631,13.59567]);
(Hsphere{10.6},1.248779[4.372221,43.70697,13.49495]);
(Hsphere{10.6},1.253662[4.288958,43.89362,13.40369]);
(Hsphere{10.6},1.258545[4.211374,44.08747,13.32442]);
(Hsphere{10.6},1.263428[4.153527,44.30537,13.26295]);
(Hsphere{10.6},1.269104[4.120326,44.55297,13.22255]);
(Hsphere{10.6},1.273254[4.112207,44.87276,13.20467]);
(Hsphere{10.6},1.278137[4.127366,45.12915,13.20857]);
(Hsphere{10.6},1.283142[4.164873,45.45976,13.2328]);
(Hsphere{10.6},1.287964[4.224036,45.8261,13.28313]);
(Hsphere{10.6},1.292908[4.30333,46.21119,13.35819]);
(Hsphere{10.6},1.297729[4.407827,46.62862,13.45413]);
(Hsphere{10.6},1.302856[4.528493,47.06738,13.56335]);
(Hsphere{10.6},1.307556[4.670671,47.5517,13.69097]);
(Hsphere{10.6},1.3125[4.816997,48.0249,13.81971]);
(Hsphere{10.6},1.317322[4.983048,48.53214,13.95763]);
(Hsphere{10.6},1.322815[5.147393,49.03091,14.09878]);
(Hsphere{10.6},1.327515[5.328207,49.59354,14.26339]);
(Hsphere{10.6},1.332031[5.472112,50.06758,14.40588]);
(Hsphere{10.6},1.336975[5.603577,50.52517,14.54239]);
(Hsphere{10.6},1.341858[5.731465,51.00722,14.68268]);
(Hsphere{10.6},1.347534[5.84064,51.47612,14.81464]);
(Hsphere{10.6},1.352051[5.937211,51.99946,14.95511]);
(Hsphere{10.6},1.356567[5.98589,52.39463,15.0551]);
(Hsphere{10.6},1.36145[6.006145,52.7738,15.14473]);
(Hsphere{10.6},1.366333[5.991319,53.16106,15.22789]);
(Hsphere{10.6},1.372009[5.938922,53.52628,15.29754]);
(Hsphere{10.6},1.37616[5.846471,53.92735,15.36421]);
(Hsphere{10.6},1.381042[5.759213,54.20548,15.4035]);
(Hsphere{10.6},1.386108[5.636116,54.5178,15.43976]);
(Hsphere{10.6},1.391785[5.487494,54.82425,15.46979]);
(Hsphere{10.6},1.396118[5.298398,55.14367,15.48972]);
(Hsphere{10.6},1.400635[5.141403,55.36771,15.49501]);
(Hsphere{10.6},1.405579[4.965093,55.58722,15.49274]);
(Hsphere{10.6},1.410461[4.763758,55.81144,15.48437]);
(Hsphere{10.6},1.415344[4.555138,56.01999,15.46461]);
(Hsphere{10.6},1.42041[4.341746,56.21323,15.43365]);
(Hsphere{10.6},1.425171[4.118184,56.4,15.39387]);
(Hsphere{10.6},1.430176[3.906564,56.5653,15.34993]);
(Hsphere{10.6},1.434937[3.687226,56.72482,15.29322]);
(Hsphere{10.6},1.439941[3.481749,56.86496,15.22892]);
(Hsphere{10.6},1.444763[3.274134,57.00212,15.15839]);
(Hsphere{10.6},1.449951[3.081475,57.12517,15.08346]);
(Hsphere{10.6},1.454651[2.887601,57.24468,14.99376]);
(Hsphere{10.6},1.459473[2.725388,57.34228,14.90464]);
(Hsphere{10.6},1.464355[2.569825,57.44181,14.81352]);
(Hsphere{10.6},1.469238[2.424392,57.54199,14.71296]);
(Hsphere{10.6},1.474121[2.291465,57.64267,14.60326]);
(Hsphere{10.6},1.479065[2.170287,57.74635,14.48443]);
(Hsphere{10.6},1.484314[2.055925,57.85532,14.36262]);
(Hsphere{10.6},1.488831[1.939483,57.97335,14.22684]);
(Hsphere{10.6},1.494019[1.842622,58.07804,14.10387]);
(Hsphere{10.6},1.498657[1.736775,58.20036,13.9582]);
(Hsphere{10.6},1.504028[1.645767,58.3145,13.82311]);
(Hsphere{10.6},1.508423[1.544278,58.45316,13.6609]);
(Hsphere{10.6},1.514038[1.463212,58.57331,13.52198]);
(Hsphere{10.6},1.51825[1.363134,58.73336,13.33851]);
(Hsphere{10.6},1.523804[1.28819,58.86044,13.19267]);
(Hsphere{10.6},1.528564[1.189131,59.03548,12.98954]);
(Hsphere{10.6},1.532959[1.104665,59.18886,12.80797]);
(Hsphere{10.6},1.537842[1.02475,59.3355,12.63012]);
(Hsphere{10.6},1.542847[0.933926,59.50184,12.4221]);
(Hsphere{10.6},1.547668[0.8389995,59.67324,12.1994]);
(Hsphere{10.6},1.552856[0.74409,59.84037,11.97285]);
(Hsphere{10.6},1.557434[0.6438138,60.01886,11.71961]);
(Hsphere{10.6},1.562805[0.5601884,60.17327,11.49024]);
(Hsphere{10.6},1.567261[0.4697485,60.34747,11.21838]);
(Hsphere{10.6},1.572144[0.4003869,60.48847,10.98883]);
(Hsphere{10.6},1.577026[0.3277531,60.63994,10.73021]);
(Hsphere{10.6},1.58197[0.2586357,60.78486,10.46541]);
(Hsphere{10.6},1.586853[0.1932635,60.92256,10.19538]);
(Hsphere{10.6},1.592041[0.1318256,61.05223,9.921412]);
(Hsphere{10.6},1.59668[0.07139847,61.17894,9.630965]);
(Hsphere{10.6},1.601807[0.02104432,61.28385,9.370015]);
(Hsphere{10.6},1.606445[-0.03082149,61.39125,9.079492]);
(Hsphere{10.6},1.611328[-0.07336856,61.47901,8.820959]);
}
