grab_head_front_r:3{
(Hsphere{8.200001},0.960022[6.695173,29.67347,12.36182]);
(Hsphere{8.200001},0.9653931[6.487703,29.80779,12.29233]);
(Hsphere{8.200001},0.9697876[6.257207,29.96087,12.20782]);
(Hsphere{8.200001},0.9746704[6.071972,30.0873,12.13412]);
(Hsphere{8.200001},0.9796143[5.872665,30.22729,12.04878]);
(Hsphere{8.200001},0.9844971[5.679527,30.36747,11.95981]);
(Hsphere{8.200001},0.9893799[5.491154,30.5068,11.86728]);
(Hsphere{8.200001},0.9943237[5.306403,30.64446,11.77123]);
(Hsphere{8.200001},0.9992065[5.125773,30.78074,11.6721]);
(Hsphere{8.200001},1.004089[4.949749,30.91591,11.57032]);
(Hsphere{8.200001},1.008972[4.778814,31.05012,11.46633]);
(Hsphere{8.200001},1.013916[4.613387,31.18364,11.36057]);
(Hsphere{8.200001},1.018921[4.454579,31.3162,11.25328]);
(Hsphere{8.200001},1.023682[4.302703,31.44865,11.14201]);
(Hsphere{8.200001},1.028625[4.166543,31.57404,11.03424]);
(Hsphere{8.200001},1.03363[4.036208,31.70216,10.92344]);
(Hsphere{8.200001},1.038635[3.913309,31.83332,10.81091]);
(Hsphere{8.200001},1.043335[3.799286,31.96667,10.69913]);
(Hsphere{8.200001},1.048645[3.69952,32.09468,10.59567]);
(Hsphere{8.200001},1.053101[3.594569,32.24316,10.48165]);
(Hsphere{8.200001},1.057983[3.511601,32.37228,10.38848]);
(Hsphere{8.200001},1.063354[3.425163,32.51922,10.28968]);
(Hsphere{8.200001},1.06781[3.336349,32.6867,10.18651]);
(Hsphere{8.200001},1.072693[3.267309,32.83031,10.10793]);
(Hsphere{8.200001},1.077576[3.195662,32.99495,10.03073]);
(Hsphere{8.200001},1.08252[3.133774,33.17175,9.967602]);
(Hsphere{8.200001},1.087585[3.096179,33.37773,9.924747]);
(Hsphere{8.200001},1.092285[3.083445,33.62343,9.904408]);
(Hsphere{8.200001},1.097656[3.095819,33.87468,9.906565]);
(Hsphere{8.200001},1.102112[3.134395,34.19368,9.933142]);
(Hsphere{8.200001},1.106995[3.186206,34.48898,9.979101]);
(Hsphere{8.200001},1.11261[3.265403,34.83977,10.05409]);
(Hsphere{8.200001},1.116821[3.381967,35.27414,10.15949]);
(Hsphere{8.200001},1.121704[3.482173,35.61891,10.24964]);
(Hsphere{8.200001},1.126587[3.613797,36.04638,10.36565]);
(Hsphere{8.200001},1.13147[3.757635,36.48521,10.48541]);
(Hsphere{8.200001},1.136414[3.902495,36.92634,10.61131]);
(Hsphere{8.200001},1.141296[4.041199,37.36521,10.74107]);
(Hsphere{8.200001},1.146179[4.16876,37.7979,10.8711]);
(Hsphere{8.200001},1.151123[4.283856,38.22169,10.9953]);
(Hsphere{8.200001},1.156128[4.380709,38.63265,11.11127]);
(Hsphere{8.200001},1.160889[4.45473,39.03603,11.21945]);
(Hsphere{8.200001},1.166138[4.495959,39.40135,11.31097]);
(Hsphere{8.200001},1.170715[4.501868,39.77546,11.39608]);
(Hsphere{8.200001},1.176147[4.469635,40.07905,11.4566]);
(Hsphere{8.200001},1.180664[4.398243,40.42043,11.51552]);
(Hsphere{8.200001},1.185425[4.316328,40.68735,11.55375]);
(Hsphere{8.200001},1.190674[4.210297,40.95049,11.58392]);
(Hsphere{8.200001},1.19519[4.070554,41.22408,11.60851]);
(Hsphere{8.200001},1.200684[3.934295,41.44125,11.61937]);
(Hsphere{8.200001},1.205017[3.753801,41.67907,11.61979]);
(Hsphere{8.200001},1.210327[3.599487,41.8547,11.61497]);
(Hsphere{8.200001},1.214783[3.401803,42.05321,11.59668]);
(Hsphere{8.200001},1.219666[3.230847,42.20623,11.5708]);
(Hsphere{8.200001},1.224609[3.040721,42.36286,11.53628]);
(Hsphere{8.200001},1.229492[2.850935,42.50694,11.49312]);
(Hsphere{8.200001},1.234375[2.665118,42.63718,11.4395]);
(Hsphere{8.200001},1.239929[2.485012,42.75681,11.37911]);
(Hsphere{8.200001},1.244202[2.291476,42.88062,11.30419]);
(Hsphere{8.200001},1.249939[2.153166,42.96558,11.23892]);
(Hsphere{8.200001},1.253967[1.983569,43.06923,11.14429]);
(Hsphere{8.200001},1.258911[1.873413,43.14222,11.07446]);
(Hsphere{8.200001},1.263794[1.752489,43.22986,10.9821]);
(Hsphere{8.200001},1.268921[1.644038,43.31919,10.87988]);
(Hsphere{8.200001},1.273621[1.538605,43.41923,10.76824]);
(Hsphere{8.200001},1.278931[1.448555,43.51085,10.66271]);
(Hsphere{8.200001},1.283386[1.349912,43.61919,10.53488]);
(Hsphere{8.200001},1.288269[1.27164,43.71269,10.42359]);
(Hsphere{8.200001},1.293213[1.189283,43.82074,10.29648]);
(Hsphere{8.200001},1.298096[1.110102,43.93511,10.16375]);
(Hsphere{8.200001},1.302979[1.033065,44.05681,10.02412]);
(Hsphere{8.200001},1.307922[0.9569394,44.18576,9.876101]);
(Hsphere{8.200001},1.312805[0.8808171,44.32095,9.71883]);
(Hsphere{8.200001},1.317688[0.8038614,44.46127,9.551636]);
(Hsphere{8.200001},1.323364[0.7252676,44.60551,9.3739]);
(Hsphere{8.200001},1.327515[0.6313172,44.77571,9.154452]);
(Hsphere{8.200001},1.33313[0.5602569,44.90091,8.984941]);
(Hsphere{8.200001},1.337585[0.4659795,45.06936,8.744757]);
(Hsphere{8.200001},1.342224[0.3962155,45.19978,8.548105]);
(Hsphere{8.200001},1.347107[0.3303629,45.32884,8.342916]);
(Hsphere{8.200001},1.3526[0.2655123,45.46327,8.119423]);
(Hsphere{8.200001},1.356873[0.1969148,45.60693,7.860737]);
(Hsphere{8.200001},1.361816[0.1466394,45.71281,7.653787]);
(Hsphere{8.200001},1.367371[0.09309077,45.82579,7.414202]);
(Hsphere{8.200001},1.371582[0.03719579,45.94279,7.140215]);
(Hsphere{8.200001},1.376465[-0.001660883,46.02351,6.932067]);
(Hsphere{8.200001},1.381409[-0.04277103,46.10846,6.692003]);
(Hsphere{8.200001},1.386292[-0.07970845,46.18456,6.454261]);
}
