grab_head_front_l:4{
(Hsphere{10.6},1.122009[-8.750525,39.51666,16.41468]);
(Hsphere{10.6},1.126953[-8.517414,39.67133,16.33501]);
(Hsphere{10.6},1.131836[-8.288858,39.82656,16.2511]);
(Hsphere{10.6},1.136719[-8.064975,39.98231,16.16323]);
(Hsphere{10.6},1.141785[-7.845885,40.13861,16.0716]);
(Hsphere{10.6},1.146545[-7.625116,40.30033,15.9735]);
(Hsphere{10.6},1.151794[-7.421765,40.45339,15.87777]);
(Hsphere{10.6},1.156311[-7.203711,40.62229,15.76928]);
(Hsphere{10.6},1.161804[-7.019292,40.76937,15.6726]);
(Hsphere{10.6},1.166138[-6.803779,40.94666,15.55367]);
(Hsphere{10.6},1.171509[-6.637017,41.08826,15.45709]);
(Hsphere{10.6},1.176025[-6.435412,41.26511,15.33476]);
(Hsphere{10.6},1.181519[-6.272022,41.41346,15.23098]);
(Hsphere{10.6},1.18573[-6.079553,41.5951,15.10265]);
(Hsphere{10.6},1.190613[-5.93826,41.73517,15.00257]);
(Hsphere{10.6},1.195557[-5.779255,41.90041,14.88358]);
(Hsphere{10.6},1.200439[-5.626286,42.06759,14.76256]);
(Hsphere{10.6},1.205322[-5.480124,42.23549,14.6409]);
(Hsphere{10.6},1.210205[-5.339652,42.40498,14.51852]);
(Hsphere{10.6},1.215149[-5.204876,42.57553,14.3962]);
(Hsphere{10.6},1.220093[-5.075441,42.74685,14.27444]);
(Hsphere{10.6},1.224915[-4.950044,42.92006,14.15283]);
(Hsphere{10.6},1.229858[-4.831189,43.09086,14.03477]);
(Hsphere{10.6},1.234741[-4.715587,43.26306,13.91796]);
(Hsphere{10.6},1.239624[-4.60399,43.435,13.80382]);
(Hsphere{10.6},1.244507[-4.497695,43.60873,13.69374]);
(Hsphere{10.6},1.249573[-4.398289,43.78864,13.59185]);
(Hsphere{10.6},1.254333[-4.305745,43.98405,13.49959]);
(Hsphere{10.6},1.259583[-4.230277,44.1812,13.42788]);
(Hsphere{10.6},1.26416[-4.166399,44.41827,13.36815]);
(Hsphere{10.6},1.269043[-4.130117,44.64254,13.3361]);
(Hsphere{10.6},1.274353[-4.112081,44.90899,13.32489]);
(Hsphere{10.6},1.279358[-4.121763,45.2271,13.33646]);
(Hsphere{10.6},1.283813[-4.158505,45.56283,13.37711]);
(Hsphere{10.6},1.289368[-4.213918,45.89651,13.44203]);
(Hsphere{10.6},1.294006[-4.313957,46.36095,13.56158]);
(Hsphere{10.6},1.298462[-4.428549,46.78881,13.68336]);
(Hsphere{10.6},1.303345[-4.554605,47.21602,13.8136]);
(Hsphere{10.6},1.308228[-4.708307,47.71287,13.97171]);
(Hsphere{10.6},1.31311[-4.868572,48.2261,14.13969]);
(Hsphere{10.6},1.318054[-5.033636,48.75097,14.30886]);
(Hsphere{10.6},1.322937[-5.200043,49.28183,14.47266]);
(Hsphere{10.6},1.32782[-5.3608,49.81163,14.62804]);
(Hsphere{10.6},1.333069[-5.508809,50.33334,14.77278]);
(Hsphere{10.6},1.337646[-5.644002,50.87144,14.91312]);
(Hsphere{10.6},1.343018[-5.737029,51.32317,15.02381]);
(Hsphere{10.6},1.347412[-5.807518,51.82211,15.13843]);
(Hsphere{10.6},1.352356[-5.830069,52.20326,15.223]);
(Hsphere{10.6},1.357483[-5.829469,52.60123,15.30527]);
(Hsphere{10.6},1.362122[-5.806534,52.9898,15.37624]);
(Hsphere{10.6},1.367004[-5.77162,53.31358,15.42607]);
(Hsphere{10.6},1.371948[-5.713783,53.63631,15.46615]);
(Hsphere{10.6},1.376831[-5.620787,53.95115,15.49746]);
(Hsphere{10.6},1.381714[-5.497858,54.25725,15.52071]);
(Hsphere{10.6},1.386719[-5.350984,54.55345,15.53615]);
(Hsphere{10.6},1.391724[-5.183948,54.84381,15.54208]);
(Hsphere{10.6},1.396423[-5.004997,55.12173,15.54182]);
(Hsphere{10.6},1.401733[-4.83196,55.3711,15.53683]);
(Hsphere{10.6},1.40625[-4.635691,55.63852,15.52635]);
(Hsphere{10.6},1.411743[-4.457823,55.8526,15.50981]);
(Hsphere{10.6},1.416016[-4.223841,56.09949,15.47886]);
(Hsphere{10.6},1.421753[-4.032819,56.2793,15.44703]);
(Hsphere{10.6},1.425842[-3.769701,56.5056,15.39956]);
(Hsphere{10.6},1.430725[-3.579035,56.65639,15.36106]);
(Hsphere{10.6},1.435608[-3.351627,56.82321,15.30876]);
(Hsphere{10.6},1.440552[-3.129222,56.97459,15.25067]);
(Hsphere{10.6},1.445435[-2.915196,57.11816,15.19423]);
(Hsphere{10.6},1.4505[-2.71957,57.2505,15.13046]);
(Hsphere{10.6},1.455261[-2.540406,57.37395,15.0569]);
(Hsphere{10.6},1.46051[-2.395468,57.47816,14.98329]);
(Hsphere{10.6},1.465027[-2.248125,57.59161,14.90416]);
(Hsphere{10.6},1.47052[-2.12781,57.68408,14.82714]);
(Hsphere{10.6},1.474854[-1.985163,57.79245,14.72104]);
(Hsphere{10.6},1.48053[-1.871463,57.87904,14.62803]);
(Hsphere{10.6},1.484619[-1.735074,57.99549,14.50683]);
(Hsphere{10.6},1.489563[-1.646384,58.07991,14.41846]);
(Hsphere{10.6},1.494446[-1.548429,58.18193,14.31192]);
(Hsphere{10.6},1.499329[-1.457079,58.28732,14.20255]);
(Hsphere{10.6},1.504272[-1.378584,58.39845,14.08816]);
(Hsphere{10.6},1.509277[-1.31054,58.5177,13.96633]);
(Hsphere{10.6},1.514038[-1.249234,58.64786,13.83397]);
(Hsphere{10.6},1.519287[-1.19478,58.78167,13.69751]);
(Hsphere{10.6},1.523865[-1.135602,58.9397,13.53373]);
(Hsphere{10.6},1.529297[-1.081825,59.08596,13.3781]);
(Hsphere{10.6},1.53363[-1.011238,59.27076,13.17417]);
(Hsphere{10.6},1.538513[-0.9532409,59.42345,12.99903]);
(Hsphere{10.6},1.544189[-0.8896083,59.59795,12.7908]);
(Hsphere{10.6},1.54834[-0.8177939,59.80099,12.53605]);
(Hsphere{10.6},1.553223[-0.7660332,59.95046,12.34027]);
(Hsphere{10.6},1.558228[-0.705266,60.12809,12.09892]);
(Hsphere{10.6},1.563232[-0.6437263,60.30483,11.84373]);
(Hsphere{10.6},1.567932[-0.5814882,60.47775,11.57734]);
(Hsphere{10.6},1.573181[-0.5220566,60.63522,11.31804]);
(Hsphere{10.6},1.578186[-0.4549492,60.80202,11.02295]);
(Hsphere{10.6},1.582642[-0.3889984,60.95304,10.7342]);
(Hsphere{10.6},1.587524[-0.3284339,61.07984,10.47294]);
(Hsphere{10.6},1.59314[-0.261244,61.2097,10.18347]);
(Hsphere{10.6},1.597412[-0.1881045,61.3451,9.851516]);
(Hsphere{10.6},1.602234[-0.1356902,61.43839,9.600401]);
(Hsphere{10.6},1.607117[-0.08042075,61.53333,9.321182]);
(Hsphere{10.6},1.612061[-0.02801632,61.62009,9.039831]);
}
