grabfrontr:10{
(Hsphere{25},0.8967285[65.9638,30.22175,-30.0879]);
(Hsphere{25},0.9016113[65.98715,29.23927,-28.89999]);
(Hsphere{25},0.9064941[65.98215,28.28261,-27.65776]);
(Hsphere{25},0.911499[65.9575,27.3419,-26.33897]);
(Hsphere{25},0.9163818[65.91725,26.409,-24.9225]);
(Hsphere{25},0.9215088[65.86156,25.52838,-23.48192]);
(Hsphere{25},0.9261475[65.78531,24.60713,-21.85568]);
(Hsphere{25},0.9315186[65.70444,23.81084,-20.34001]);
(Hsphere{25},0.9359131[65.59636,22.91594,-18.49786]);
(Hsphere{25},0.9415283[65.49769,22.2127,-16.9326]);
(Hsphere{25},0.9456787[65.35979,21.36047,-14.87309]);
(Hsphere{25},0.9506836[65.24691,20.75266,-13.27726]);
(Hsphere{25},0.9555664[65.09843,20.08329,-11.38359]);
(Hsphere{25},0.9604492[64.92867,19.45963,-9.468047]);
(Hsphere{25},0.965332[64.73647,18.88334,-7.537579]);
(Hsphere{25},0.9702148[64.52155,18.35328,-5.585573]);
(Hsphere{25},0.9753418[64.28423,17.85372,-3.52959]);
(Hsphere{25},0.9799805[64.00529,17.36649,-1.293436]);
(Hsphere{25},0.9849854[63.70001,16.93289,0.907465]);
(Hsphere{25},0.9904785[63.34282,16.49484,3.332428]);
(Hsphere{25},0.9949951[62.89354,16.06708,6.101431]);
(Hsphere{25},0.9997559[62.44971,15.75338,8.517716]);
(Hsphere{25},1.004517[61.91899,15.47417,11.08019]);
(Hsphere{25},1.009521[61.29708,15.23774,13.73677]);
(Hsphere{25},1.014282[60.55445,15.04205,16.53867]);
(Hsphere{25},1.019287[59.72752,14.89823,19.29639]);
(Hsphere{25},1.024536[58.78038,14.79726,22.09571]);
(Hsphere{25},1.029175[57.62349,14.72475,25.10673]);
(Hsphere{25},1.033936[56.45828,14.68536,27.80277]);
(Hsphere{25},1.038818[55.15824,14.66976,30.51418]);
(Hsphere{25},1.043701[53.68103,14.67855,33.30243]);
(Hsphere{25},1.049194[52.07102,14.71253,36.06632]);
(Hsphere{25},1.053589[50.12066,14.77897,39.10545]);
(Hsphere{25},1.059204[48.47853,14.85163,41.44691]);
(Hsphere{25},1.063354[46.20766,14.96904,44.43701]);
(Hsphere{25},1.068237[44.49589,15.07227,46.51627]);
(Hsphere{25},1.073242[42.37949,15.21901,48.89787]);
(Hsphere{25},1.078247[40.1515,15.39652,51.20922]);
(Hsphere{25},1.082886[37.86566,15.5903,53.38914]);
(Hsphere{25},1.088257[35.68934,15.76092,55.28699]);
(Hsphere{25},1.092773[33.19327,15.93748,57.27222]);
(Hsphere{25},1.098267[31.07485,16.07021,58.81176]);
(Hsphere{25},1.102539[28.45702,16.21249,60.54681]);
(Hsphere{25},1.107422[26.44582,16.30499,61.76487]);
(Hsphere{25},1.112305[24.14182,16.39192,63.0483]);
(Hsphere{25},1.117188[21.84674,16.45781,64.21841]);
(Hsphere{25},1.122192[19.58721,16.51771,65.29088]);
(Hsphere{25},1.127075[17.32266,16.57777,66.29752]);
(Hsphere{25},1.132324[15.21612,16.63183,67.17459]);
(Hsphere{25},1.136841[12.96718,16.68597,68.04964]);
(Hsphere{25},1.142334[11.06466,16.72891,68.74117]);
(Hsphere{25},1.146606[8.866817,16.77294,69.4862]);
(Hsphere{25},1.152344[7.167,16.80085,70.02416]);
(Hsphere{25},1.156372[5.042336,16.82477,70.65128]);
(Hsphere{25},1.161377[3.544982,16.83185,71.06396]);
(Hsphere{25},1.16626[1.844593,16.82691,71.50436]);
(Hsphere{25},1.171143[0.2219389,16.8056,71.89756]);
(Hsphere{25},1.17627[-1.3333,16.76534,72.25068]);
(Hsphere{25},1.180908[-2.850482,16.70157,72.57389]);
(Hsphere{25},1.186279[-4.147125,16.62193,72.83438]);
(Hsphere{25},1.190674[-5.543456,16.50234,73.10014]);
(Hsphere{25},1.195679[-6.634181,16.39476,73.30691]);
(Hsphere{25},1.201294[-7.785969,16.27546,73.53179]);
(Hsphere{25},1.205811[-9.049239,16.1372,73.79002]);
(Hsphere{25},1.210327[-10.01579,16.03004,73.98968]);
(Hsphere{25},1.215332[-10.9533,15.92855,74.19035]);
(Hsphere{25},1.220093[-11.98133,15.81633,74.43245]);
(Hsphere{25},1.225098[-12.97536,15.70822,74.68745]);
(Hsphere{25},1.22998[-13.97149,15.60117,74.94125]);
(Hsphere{25},1.235107[-14.97924,15.48712,75.18068]);
(Hsphere{25},1.239746[-16.0708,15.35877,75.43051]);
(Hsphere{25},1.245239[-17.10065,15.23685,75.65487]);
(Hsphere{25},1.249512[-18.33851,15.09668,75.877]);
(Hsphere{25},1.255249[-19.3118,14.99257,76.03111]);
(Hsphere{25},1.259277[-20.66445,14.86007,76.22039]);
(Hsphere{25},1.264526[-21.64587,14.77505,76.3376]);
(Hsphere{25},1.269165[-22.91623,14.68682,76.42565]);
(Hsphere{25},1.274292[-24.06785,14.6254,76.47706]);
(Hsphere{25},1.278931[-25.39418,14.57879,76.50033]);
(Hsphere{25},1.284546[-26.60997,14.56225,76.47818]);
(Hsphere{25},1.288696[-28.07462,14.58988,76.38169]);
(Hsphere{25},1.293579[-29.1719,14.64621,76.28087]);
(Hsphere{25},1.298584[-30.44941,14.75511,76.1303]);
(Hsphere{25},1.303467[-31.71391,14.91822,75.92969]);
(Hsphere{25},1.30835[-32.95935,15.14173,75.67248]);
(Hsphere{25},1.313354[-34.19183,15.42789,75.37079]);
(Hsphere{25},1.318115[-35.41999,15.78664,75.01826]);
(Hsphere{25},1.323364[-36.56081,16.19493,74.63783]);
(Hsphere{25},1.327881[-37.7607,16.71262,74.17155]);
(Hsphere{25},1.333374[-38.75864,17.22415,73.72203]);
(Hsphere{25},1.337769[-39.87442,17.90198,73.13772]);
(Hsphere{25},1.342651[-40.71944,18.50426,72.62151]);
(Hsphere{25},1.347534[-41.59587,19.23158,72.00621]);
(Hsphere{25},1.352417[-42.39127,20.00925,71.35469]);
(Hsphere{25},1.3573[-43.10315,20.83258,70.6696]);
(Hsphere{25},1.362305[-43.73204,21.69439,69.96302]);
(Hsphere{25},1.367188[-44.25626,22.59344,69.23521]);
(Hsphere{25},1.372314[-44.65778,23.48541,68.52136]);
(Hsphere{25},1.376953[-44.98579,24.45538,67.7575]);
(Hsphere{25},1.382324[-45.21056,25.33015,67.07772]);
(Hsphere{25},1.386719[-45.37716,26.35143,66.28222]);
(Hsphere{25},1.392334[-45.44045,27.18415,65.63023]);
(Hsphere{25},1.396484[-45.45758,28.22208,64.82449]);
(Hsphere{25},1.401489[-45.42162,28.98446,64.23236]);
(Hsphere{25},1.406372[-45.31921,29.84805,63.55365]);
(Hsphere{25},1.411255[-45.15837,30.68305,62.88848]);
(Hsphere{25},1.416138[-44.97694,31.49817,62.2505]);
(Hsphere{25},1.421021[-44.76535,32.25986,61.65123]);
(Hsphere{25},1.425903[-44.51273,32.99694,61.06224]);
(Hsphere{25},1.430786[-44.22779,33.69745,60.49269]);
(Hsphere{25},1.435791[-43.96027,34.35896,59.97507]);
(Hsphere{25},1.440674[-43.66785,34.97914,59.48338]);
(Hsphere{25},1.445557[-43.35365,35.55656,59.02042]);
}
