grabbackl:2{
(Hsphere{5.8},0.7595215[-13.64163,10.08734,1.325914]);
(Hsphere{5.8},0.7652588[-13.83125,10.12177,0.7756762]);
(Hsphere{5.8},0.7693176[-14.02328,10.09466,0.03317359]);
(Hsphere{5.8},0.7742004[-14.12288,10.00443,-0.5858277]);
(Hsphere{5.8},0.7792664[-14.1761,9.785523,-1.476305]);
(Hsphere{5.8},0.7839966[-14.10547,9.399509,-2.589318]);
(Hsphere{5.8},0.7889099[-13.86526,8.873578,-3.797763]);
(Hsphere{5.8},0.7938538[-13.37734,8.158439,-5.166791]);
(Hsphere{5.8},0.7987061[-12.59868,7.295544,-6.577205]);
(Hsphere{5.8},0.8038635[-11.55426,6.372152,-7.888871]);
(Hsphere{5.8},0.8085022[-10.19888,5.389205,-9.093275]);
(Hsphere{5.8},0.8134155[-8.807715,4.544906,-9.971784]);
(Hsphere{5.8},0.8182983[-7.258232,3.747902,-10.65765]);
(Hsphere{5.8},0.8232727[-5.734441,3.084796,-11.09971]);
(Hsphere{5.8},0.828125[-4.334387,2.567183,-11.34271]);
(Hsphere{5.8},0.8330078[-3.207225,2.205008,-11.45607]);
(Hsphere{5.8},0.838623[-2.371132,1.960329,-11.52015]);
(Hsphere{5.8},0.842804[-1.709337,1.771804,-11.58226]);
(Hsphere{5.8},0.8477173[-1.383257,1.673193,-11.63788]);
(Hsphere{5.8},0.8526001[-1.145847,1.588787,-11.7193]);
(Hsphere{5.8},0.8582153[-1.024858,1.528222,-11.81667]);
(Hsphere{5.8},0.8623962[-0.9759881,1.479766,-11.93991]);
(Hsphere{5.8},0.8673096[-0.9639285,1.454401,-12.03415]);
(Hsphere{5.8},0.8722229[-0.9349071,1.433079,-12.14043]);
(Hsphere{5.8},0.8771057[-0.8503659,1.417893,-12.23447]);
(Hsphere{5.8},0.882019[-0.7408243,1.410312,-12.31701]);
(Hsphere{5.8},0.8869019[-0.6358231,1.411771,-12.39168]);
(Hsphere{5.8},0.8918152[-0.5354668,1.421964,-12.45921]);
(Hsphere{5.8},0.896698[-0.4398094,1.440551,-12.52031]);
(Hsphere{5.8},0.9016418[-0.3488507,1.467178,-12.57563]);
(Hsphere{5.8},0.9066467[-0.2621297,1.50168,-12.62605]);
(Hsphere{5.8},0.9116211[-0.1787821,1.54425,-12.67259]);
(Hsphere{5.8},0.9163208[-0.1006907,1.593585,-12.71475]);
(Hsphere{5.8},0.9216309[-0.03107707,1.646279,-12.75139]);
(Hsphere{5.8},0.9261169[0.04281266,1.712398,-12.78967]);
(Hsphere{5.8},0.9316406[0.1015091,1.773438,-12.81998]);
(Hsphere{5.8},0.9359131[0.1669602,1.856144,-12.85466]);
(Hsphere{5.8},0.9407959[0.2140151,1.924879,-12.87963]);
(Hsphere{5.8},0.9457092[0.264075,2.007764,-12.90643]);
(Hsphere{5.8},0.9506226[0.3102167,2.094765,-12.93171]);
(Hsphere{5.8},0.9555054[0.352505,2.185438,-12.95582]);
(Hsphere{5.8},0.9604187[0.391016,2.279325,-12.97912]);
(Hsphere{5.8},0.965332[0.4257903,2.375982,-13.00197]);
(Hsphere{5.8},0.9703369[0.4570196,2.475499,-13.02486]);
(Hsphere{5.8},0.9750977[0.4849104,2.57855,-13.04841]);
(Hsphere{5.8},0.9800415[0.5078365,2.677931,-13.07146]);
(Hsphere{5.8},0.9849243[0.5278487,2.781945,-13.09642]);
(Hsphere{5.8},0.9900513[0.5438097,2.884781,-13.12202]);
(Hsphere{5.8},0.9947205[0.557328,2.995541,-13.14908]);
(Hsphere{5.8},1.000061[0.5667065,3.096808,-13.17322]);
(Hsphere{5.8},1.004517[0.574424,3.215397,-13.20079]);
(Hsphere{5.8},1.010071[0.5784518,3.314783,-13.22333]);
(Hsphere{5.8},1.014587[0.5806826,3.441193,-13.25128]);
(Hsphere{5.8},1.019196[0.5803417,3.54476,-13.2736]);
(Hsphere{5.8},1.024872[0.5781378,3.651905,-13.29614]);
(Hsphere{5.8},1.029022[0.5730717,3.784495,-13.32329]);
(Hsphere{5.8},1.033905[0.5678192,3.882733,-13.34287]);
(Hsphere{5.8},1.038818[0.5600713,3.999784,-13.36563]);
(Hsphere{5.8},1.043884[0.5507798,4.117831,-13.38796]);
(Hsphere{5.8},1.048615[0.5396736,4.241043,-13.41059]);
(Hsphere{5.8},1.053619[0.528085,4.356666,-13.43122]);
(Hsphere{5.8},1.058411[0.5145736,4.480351,-13.45262]);
(Hsphere{5.8},1.063629[0.5006955,4.598677,-13.47247]);
(Hsphere{5.8},1.068207[0.4844716,4.728841,-13.49358]);
(Hsphere{5.8},1.073639[0.4694765,4.843255,-13.51152]);
(Hsphere{5.8},1.078003[0.4507946,4.979807,-13.53217]);
(Hsphere{5.8},1.083649[0.4351959,5.089774,-13.5482]);
(Hsphere{5.8},1.087799[0.4143143,5.23242,-13.56817]);
}
