grabbackr:2{
(Hsphere{5.8},0.7246094[13.70133,10.06299,1.12082]);
(Hsphere{5.8},0.7304993[13.88634,10.09663,0.5364501]);
(Hsphere{5.8},0.7344055[14.06876,10.05111,-0.2920946]);
(Hsphere{5.8},0.7393188[14.14612,9.937776,-0.9499296]);
(Hsphere{5.8},0.7444763[14.15758,9.665046,-1.931223]);
(Hsphere{5.8},0.749115[14.00597,9.184623,-3.174533]);
(Hsphere{5.8},0.7544861[13.66546,8.575305,-4.437214]);
(Hsphere{5.8},0.7589111[12.95692,7.666035,-5.998212]);
(Hsphere{5.8},0.7637939[12.10265,6.8089,-7.262053]);
(Hsphere{5.8},0.7687073[10.89689,5.820902,-8.536249]);
(Hsphere{5.8},0.7735901[9.466773,4.854652,-9.605435]);
(Hsphere{5.8},0.778595[7.902933,3.973726,-10.41565]);
(Hsphere{5.8},0.7837219[6.281471,3.210465,-10.97489]);
(Hsphere{5.8},0.7882996[4.729129,2.602613,-11.30729]);
(Hsphere{5.8},0.7937622[3.547788,2.215391,-11.46146]);
(Hsphere{5.8},0.7987671[2.488177,1.924684,-11.55653]);
(Hsphere{5.8},0.803009[1.788859,1.756531,-11.61707]);
(Hsphere{5.8},0.8078918[1.367241,1.660704,-11.67329]);
(Hsphere{5.8},0.8128662[1.03974,1.584991,-11.754]);
(Hsphere{5.8},0.8177185[0.8440006,1.533572,-11.85388]);
(Hsphere{5.8},0.8226013[0.7443137,1.499069,-11.96501]);
(Hsphere{5.8},0.8275146[0.6982189,1.475359,-12.08245]);
(Hsphere{5.8},0.8323975[0.6672789,1.459428,-12.19627]);
(Hsphere{5.8},0.8373108[0.6192706,1.450864,-12.30033]);
(Hsphere{5.8},0.8428955[0.5783161,1.461863,-12.40073]);
(Hsphere{5.8},0.8471069[0.5354166,1.495892,-12.50564]);
(Hsphere{5.8},0.8519897[0.5023036,1.534261,-12.57626]);
(Hsphere{5.8},0.8569031[0.4687292,1.591788,-12.65168]);
(Hsphere{5.8},0.861908[0.4408357,1.663462,-12.7208]);
(Hsphere{5.8},0.8666992[0.4244478,1.756759,-12.78503]);
(Hsphere{5.8},0.8718872[0.4124474,1.856881,-12.84154]);
(Hsphere{5.8},0.8764954[0.4034268,1.975265,-12.89729]);
(Hsphere{5.8},0.8819275[0.3987259,2.087641,-12.94233]);
(Hsphere{5.8},0.8862915[0.3969617,2.227344,-12.99053]);
(Hsphere{5.8},0.8917847[0.3984237,2.345551,-13.02619]);
(Hsphere{5.8},0.8961182[0.4037986,2.497738,-13.06681]);
(Hsphere{5.8},0.901001[0.4107989,2.619898,-13.09604]);
(Hsphere{5.8},0.9067078[0.4217284,2.75976,-13.12666]);
(Hsphere{5.8},0.9109497[0.4386124,2.922391,-13.15939]);
(Hsphere{5.8},0.9157104[0.4542202,3.041831,-13.18205]);
(Hsphere{5.8},0.9209595[0.4750309,3.172866,-13.2061]);
(Hsphere{5.8},0.9255066[0.5025105,3.312877,-13.23156]);
(Hsphere{5.8},0.9309387[0.5294006,3.429224,-13.25271]);
(Hsphere{5.8},0.9353027[0.5623851,3.56643,-13.27658]);
(Hsphere{5.8},0.9402161[0.5888049,3.674407,-13.29456]);
(Hsphere{5.8},0.9450989[0.6182183,3.794494,-13.31377]);
(Hsphere{5.8},0.9500427[0.6468492,3.913189,-13.33201]);
(Hsphere{5.8},0.954895[0.674453,4.031428,-13.3495]);
(Hsphere{5.8},0.9600525[0.7001134,4.147199,-13.36604]);
(Hsphere{5.8},0.9646912[0.7250431,4.26854,-13.38285]);
(Hsphere{5.8},0.9696045[0.7453644,4.377914,-13.39762]);
(Hsphere{5.8},0.9750671[0.76403,4.492456,-13.41277]);
(Hsphere{5.8},0.9794312[0.7811385,4.61974,-13.42933]);
(Hsphere{5.8},0.984314[0.792996,4.72139,-13.44224]);
(Hsphere{5.8},0.9894409[0.8054134,4.83367,-13.45598]);
(Hsphere{5.8},0.9941101[0.8174844,4.952035,-13.46978]);
(Hsphere{5.8},0.9994507[0.8271864,5.058647,-13.48145]);
(Hsphere{5.8},1.003906[0.8374606,5.181249,-13.49411]);
(Hsphere{5.8},1.00946[0.8452219,5.282761,-13.50395]);
(Hsphere{5.8},1.013702[0.8539781,5.410179,-13.51545]);
(Hsphere{5.8},1.018616[0.8598867,5.507142,-13.52353]);
(Hsphere{5.8},1.023499[0.8658012,5.619296,-13.53226]);
(Hsphere{5.8},1.028503[0.8705454,5.730725,-13.5405]);
(Hsphere{5.8},1.033295[0.8741523,5.843358,-13.54839]);
}
