grabfrontl:4{
(Hsphere{10.6},0.8917847[-26.51321,11.5911,-11.50988]);
(Hsphere{10.6},0.8969727[-26.50971,11.24227,-11.05223]);
(Hsphere{10.6},0.9016113[-26.49619,10.87997,-10.53503]);
(Hsphere{10.6},0.9069824[-26.4782,10.56635,-10.04689]);
(Hsphere{10.6},0.911377[-26.44993,10.21267,-9.451923]);
(Hsphere{10.6},0.9169922[-26.41778,9.925036,-8.939829]);
(Hsphere{10.6},0.9212036[-26.36716,9.570344,-8.268784]);
(Hsphere{10.6},0.9260864[-26.32285,9.307766,-7.741288]);
(Hsphere{10.6},0.9309692[-26.27383,9.004004,-7.10847]);
(Hsphere{10.6},0.9359131[-26.21814,8.711505,-6.455776]);
(Hsphere{10.6},0.9407959[-26.15626,8.431715,-5.784134]);
(Hsphere{10.6},0.9458008[-26.0885,8.165963,-5.09441]);
(Hsphere{10.6},0.9506226[-26.01326,7.909655,-4.370446]);
(Hsphere{10.6},0.9555054[-25.93606,7.681198,-3.664174]);
(Hsphere{10.6},0.9604492[-25.85141,7.464293,-2.925261]);
(Hsphere{10.6},0.9655151[-25.76054,7.263958,-2.160285]);
(Hsphere{10.6},0.9702148[-25.66349,7.081327,-1.347573]);
(Hsphere{10.6},0.9755249[-25.56602,6.929892,-0.5573941]);
(Hsphere{10.6},0.9799805[-25.44542,6.781797,0.3611711]);
(Hsphere{10.6},0.9855347[-25.33054,6.672913,1.165234]);
(Hsphere{10.6},0.9898071[-25.168,6.556914,2.185127]);
(Hsphere{10.6},0.9946899[-25.02227,6.479643,3.000448]);
(Hsphere{10.6},0.9995728[-24.8318,6.404627,3.953238]);
(Hsphere{10.6},1.004578[-24.61325,6.343593,4.92447]);
(Hsphere{10.6},1.009583[-24.35894,6.295342,5.928545]);
(Hsphere{10.6},1.014282[-24.07121,6.260368,6.938063]);
(Hsphere{10.6},1.019226[-23.76461,6.236349,7.908576]);
(Hsphere{10.6},1.024109[-23.41335,6.214413,8.91858]);
(Hsphere{10.6},1.028992[-23.0166,6.198087,9.933932]);
(Hsphere{10.6},1.033936[-22.5731,6.187241,10.95388]);
(Hsphere{10.6},1.03894[-22.0791,6.183863,11.98479]);
(Hsphere{10.6},1.043701[-21.53592,6.19835,13.03082]);
(Hsphere{10.6},1.04895[-20.97577,6.227579,14.02918]);
(Hsphere{10.6},1.053589[-20.31047,6.273384,15.12348]);
(Hsphere{10.6},1.05896[-19.67271,6.323277,16.09089]);
(Hsphere{10.6},1.063293[-18.88885,6.387865,17.18323]);
(Hsphere{10.6},1.068604[-18.21091,6.443634,18.0523]);
(Hsphere{10.6},1.07312[-17.33985,6.512555,19.07864]);
(Hsphere{10.6},1.078003[-16.56392,6.569762,19.9171]);
(Hsphere{10.6},1.082886[-15.68348,6.62876,20.79182]);
(Hsphere{10.6},1.087769[-14.77058,6.682545,21.6218]);
(Hsphere{10.6},1.092712[-13.83194,6.729871,22.40267]);
(Hsphere{10.6},1.097595[-12.87608,6.770789,23.1297]);
(Hsphere{10.6},1.102478[-11.90266,6.80375,23.80273]);
(Hsphere{10.6},1.107422[-10.91754,6.828066,24.4207]);
(Hsphere{10.6},1.112488[-9.917319,6.844164,24.99003]);
(Hsphere{10.6},1.117188[-8.916436,6.856777,25.51455]);
(Hsphere{10.6},1.122498[-7.985862,6.865863,25.96558]);
(Hsphere{10.6},1.127014[-6.971698,6.87233,26.41946]);
(Hsphere{10.6},1.132507[-6.12123,6.872539,26.76971]);
(Hsphere{10.6},1.13678[-5.109161,6.861494,27.14766]);
(Hsphere{10.6},1.141724[-4.335012,6.845103,27.41013]);
(Hsphere{10.6},1.146606[-3.474809,6.819213,27.67669]);
(Hsphere{10.6},1.1521[-2.639438,6.786658,27.91221]);
(Hsphere{10.6},1.156494[-1.732722,6.743412,28.14429]);
(Hsphere{10.6},1.162109[-1.034231,6.704682,28.30815]);
(Hsphere{10.6},1.166504[-0.1781846,6.651027,28.49385]);
(Hsphere{10.6},1.171082[0.4610844,6.606658,28.62365]);
(Hsphere{10.6},1.176514[1.101981,6.558607,28.74822]);
(Hsphere{10.6},1.180908[1.817895,6.500871,28.8838]);
(Hsphere{10.6},1.186523[2.36703,6.453873,28.98812]);
(Hsphere{10.6},1.190674[3.033132,6.395127,29.12105]);
(Hsphere{10.6},1.195618[3.504584,6.353284,29.2229]);
(Hsphere{10.6},1.2005[4.028889,6.307611,29.34787]);
(Hsphere{10.6},1.205383[4.524626,6.267586,29.47064]);
(Hsphere{10.6},1.210327[5.009713,6.226007,29.58891]);
(Hsphere{10.6},1.215271[5.489287,6.181473,29.70586]);
(Hsphere{10.6},1.220093[5.970973,6.133876,29.82278]);
(Hsphere{10.6},1.22522[6.430111,6.086615,29.91702]);
(Hsphere{10.6},1.229919[6.922826,6.033473,30.01342]);
(Hsphere{10.6},1.235229[7.373992,5.984523,30.09736]);
(Hsphere{10.6},1.239685[7.899899,5.930202,30.1841]);
(Hsphere{10.6},1.2453[8.337062,5.890279,30.23836]);
(Hsphere{10.6},1.249512[8.899145,5.847325,30.29944]);
(Hsphere{10.6},1.255066[9.334873,5.822602,30.33933]);
(Hsphere{10.6},1.259277[9.919802,5.804931,30.37291]);
(Hsphere{10.6},1.264221[10.35949,5.801262,30.38094]);
(Hsphere{10.6},1.269104[10.86339,5.806055,30.37726]);
(Hsphere{10.6},1.274597[11.35861,5.821053,30.35888]);
(Hsphere{10.6},1.279053[11.90585,5.855714,30.31556]);
(Hsphere{10.6},1.283813[12.33416,5.901871,30.2688]);
(Hsphere{10.6},1.288879[12.78006,5.968471,30.20831]);
(Hsphere{10.6},1.293579[13.23787,6.057841,30.13154]);
(Hsphere{10.6},1.298645[13.65446,6.158362,30.04914]);
(Hsphere{10.6},1.303406[14.07714,6.280225,29.94864]);
(Hsphere{10.6},1.30835[14.45347,6.406978,29.84171]);
(Hsphere{10.6},1.313293[14.81837,6.547091,29.72041]);
(Hsphere{10.6},1.318115[15.17349,6.697576,29.59]);
(Hsphere{10.6},1.322998[15.48624,6.845107,29.45401]);
(Hsphere{10.6},1.327881[15.77963,6.997337,29.30328]);
(Hsphere{10.6},1.332825[16.04698,7.149523,29.14169]);
(Hsphere{10.6},1.337708[16.30849,7.321033,28.96846]);
(Hsphere{10.6},1.342712[16.5662,7.516996,28.78316]);
(Hsphere{10.6},1.348328[16.8217,7.741947,28.5815]);
(Hsphere{10.6},1.352417[17.09146,8.026745,28.33046]);
(Hsphere{10.6},1.3573[17.27238,8.251127,28.13685]);
(Hsphere{10.6},1.362183[17.47491,8.54205,27.89215]);
(Hsphere{10.6},1.367126[17.65756,8.853672,27.63624]);
(Hsphere{10.6},1.372009[17.81796,9.184384,27.37016]);
(Hsphere{10.6},1.377075[17.95403,9.532299,27.0951]);
(Hsphere{10.6},1.381775[18.06797,9.910445,26.8008]);
(Hsphere{10.6},1.387085[18.14666,10.27111,26.52383]);
(Hsphere{10.6},1.391602[18.20412,10.68929,26.20655]);
(Hsphere{10.6},1.3974[18.2264,11.05117,25.93489]);
(Hsphere{10.6},1.401428[18.21899,11.52586,25.5821]);
(Hsphere{10.6},1.406433[18.19558,11.85356,25.34248]);
(Hsphere{10.6},1.411194[18.14486,12.25022,25.05191]);
(Hsphere{10.6},1.416443[18.0673,12.60975,24.78351]);
(Hsphere{10.6},1.421021[17.95189,12.98269,24.49947]);
(Hsphere{10.6},1.426453[17.84157,13.28774,24.2704]);
(Hsphere{10.6},1.430786[17.69712,13.62868,24.01717]);
(Hsphere{10.6},1.436462[17.56763,13.88183,23.82755]);
(Hsphere{10.6},1.440613[17.38419,14.18253,23.5994]);
}
