grabbackl:1{
(Hsphere{3.4},0.6760559[-6.823556,5.093078,0.6442197]);
(Hsphere{3.4},0.6809998[-6.92922,5.110349,0.3316098]);
(Hsphere{3.4},0.6858521[-7.019825,5.092467,-0.03379299]);
(Hsphere{3.4},0.6907654[-7.07812,5.016235,-0.4712494]);
(Hsphere{3.4},0.6956482[-7.081206,4.856148,-1.017835]);
(Hsphere{3.4},0.7005615[-6.989806,4.592776,-1.680494]);
(Hsphere{3.4},0.7054443[-6.759288,4.2197,-2.433023]);
(Hsphere{3.4},0.7103577[-6.352902,3.749328,-3.221709]);
(Hsphere{3.4},0.715271[-5.769475,3.228168,-3.967359]);
(Hsphere{3.4},0.7201843[-5.038605,2.703125,-4.60573]);
(Hsphere{3.4},0.7250671[-4.197334,2.20804,-5.104809]);
(Hsphere{3.4},0.7299805[-3.329537,1.785239,-5.44288]);
(Hsphere{3.4},0.7348633[-2.498193,1.449576,-5.636206]);
(Hsphere{3.4},0.7397461[-1.795,1.210191,-5.72577]);
(Hsphere{3.4},0.744751[-1.274048,1.05415,-5.767317]);
(Hsphere{3.4},0.7503357[-0.912414,0.9512259,-5.798287]);
(Hsphere{3.4},0.7547913[-0.6642872,0.8763006,-5.839931]);
(Hsphere{3.4},0.7593689[-0.5567294,0.8359957,-5.883328]);
(Hsphere{3.4},0.764801[-0.504604,0.8067016,-5.935797]);
(Hsphere{3.4},0.769165[-0.486084,0.782917,-6.003966]);
(Hsphere{3.4},0.774231[-0.4777002,0.7702374,-6.058478]);
(Hsphere{3.4},0.7789612[-0.4437488,0.7600653,-6.116758]);
(Hsphere{3.4},0.7842407[-0.3843991,0.7545857,-6.162744]);
(Hsphere{3.4},0.7887573[-0.3202288,0.754733,-6.208738]);
(Hsphere{3.4},0.7942505[-0.2683228,0.7599519,-6.24369]);
(Hsphere{3.4},0.7985535[-0.2083012,0.7724036,-6.281768]);
(Hsphere{3.4},0.8034668[-0.164091,0.7865368,-6.308329]);
(Hsphere{3.4},0.8083496[-0.1164103,0.8071372,-6.335693]);
(Hsphere{3.4},0.8132629[-0.07162786,0.8322336,-6.36033]);
(Hsphere{3.4},0.8190002[-0.02967567,0.8615225,-6.382649]);
(Hsphere{3.4},0.8230591[0.0158801,0.9006674,-6.406331]);
(Hsphere{3.4},0.8279724[0.04604367,0.9314417,-6.4219]);
(Hsphere{3.4},0.8329468[0.07913247,0.9722833,-6.439381]);
(Hsphere{3.4},0.8379517[0.1098305,1.017183,-6.455675]);
(Hsphere{3.4},0.8426514[0.1380887,1.065315,-6.470866]);
(Hsphere{3.4},0.8475647[0.1623776,1.113129,-6.484326]);
(Hsphere{3.4},0.8527527[0.1852225,1.164928,-6.497657]);
(Hsphere{3.4},0.8573608[0.2068834,1.22201,-6.511387]);
(Hsphere{3.4},0.8622437[0.2238088,1.273879,-6.523384]);
(Hsphere{3.4},0.8677673[0.2395843,1.330374,-6.536298]);
(Hsphere{3.4},0.8727722[0.2544981,1.394942,-6.551273]);
(Hsphere{3.4},0.8769531[0.2654356,1.454206,-6.565632]);
(Hsphere{3.4},0.8818665[0.2727518,1.504234,-6.578078]);
(Hsphere{3.4},0.8867798[0.2794949,1.563676,-6.592502]);
(Hsphere{3.4},0.8916626[0.2844288,1.624384,-6.60683]);
(Hsphere{3.4},0.8966064[0.2876147,1.685411,-6.62084]);
(Hsphere{3.4},0.9016113[0.2892413,1.748102,-6.634833]);
(Hsphere{3.4},0.9063721[0.2893725,1.812529,-6.648811]);
(Hsphere{3.4},0.9116211[0.2881867,1.874567,-6.661891]);
(Hsphere{3.4},0.9161682[0.2855204,1.94374,-6.676044]);
(Hsphere{3.4},0.9216003[0.2821518,2.00445,-6.688102]);
(Hsphere{3.4},0.9259644[0.2769431,2.077893,-6.70224]);
(Hsphere{3.4},0.931427[0.2719523,2.137038,-6.713271]);
(Hsphere{3.4},0.9357605[0.2647374,2.211931,-6.726788]);
(Hsphere{3.4},0.9406433[0.2583284,2.271902,-6.737253]);
(Hsphere{3.4},0.9455566[0.2504434,2.340059,-6.74876]);
(Hsphere{3.4},0.9505005[0.2419461,2.408632,-6.759922]);
(Hsphere{3.4},0.9555054[0.2328523,2.477967,-6.770785]);
(Hsphere{3.4},0.9602661[0.2231265,2.548674,-6.781425]);
(Hsphere{3.4},0.9651794[0.213456,2.616269,-6.791177]);
}
