grabbackl:3{
(Hsphere{8.200001},0.8280945[-20.60545,15.11453,1.56247]);
(Hsphere{8.200001},0.8329773[-20.84454,15.1352,0.7981938]);
(Hsphere{8.200001},0.8378906[-21.06002,15.08138,-0.104166]);
(Hsphere{8.200001},0.8434143[-21.21332,14.90806,-1.166648]);
(Hsphere{8.200001},0.8476868[-21.26282,14.51997,-2.611283]);
(Hsphere{8.200001},0.8526001[-21.15965,14.04659,-3.935172]);
(Hsphere{8.200001},0.8574829[-20.82304,13.30145,-5.654027]);
(Hsphere{8.200001},0.8623962[-20.1818,12.33497,-7.531882]);
(Hsphere{8.200001},0.8672791[-19.17738,11.17374,-9.475962]);
(Hsphere{8.200001},0.8723755[-17.82277,9.911802,-11.33119]);
(Hsphere{8.200001},0.8770752[-16.07548,8.563666,-13.06692]);
(Hsphere{8.200001},0.8825378[-14.2184,7.35181,-14.41987]);
(Hsphere{8.200001},0.8874817[-11.88596,6.060833,-15.6354]);
(Hsphere{8.200001},0.8917847[-9.726805,5.044921,-16.40686]);
(Hsphere{8.200001},0.8971558[-7.927387,4.314766,-16.83083]);
(Hsphere{8.200001},0.9015808[-5.930054,3.609785,-17.1233]);
(Hsphere{8.200001},0.9064941[-4.596034,3.193224,-17.2428]);
(Hsphere{8.200001},0.911377[-3.486704,2.870871,-17.3275]);
(Hsphere{8.200001},0.9162903[-2.677535,2.640826,-17.40161]);
(Hsphere{8.200001},0.9211731[-2.121214,2.474775,-17.48861]);
(Hsphere{8.200001},0.9267578[-1.768723,2.353206,-17.59763]);
(Hsphere{8.200001},0.9309998[-1.555783,2.253536,-17.74669]);
(Hsphere{8.200001},0.9359131[-1.485441,2.197742,-17.87281]);
(Hsphere{8.200001},0.9407959[-1.456748,2.149579,-18.02476]);
(Hsphere{8.200001},0.9458923[-1.433255,2.115123,-18.17484]);
(Hsphere{8.200001},0.950592[-1.359575,2.089162,-18.32096]);
(Hsphere{8.200001},0.9554749[-1.221092,2.07246,-18.43724]);
(Hsphere{8.200001},0.9603882[-1.071914,2.065821,-18.54766]);
(Hsphere{8.200001},0.965332[-0.9285327,2.070548,-18.64835]);
(Hsphere{8.200001},0.9701843[-0.7900499,2.086413,-18.74081]);
(Hsphere{8.200001},0.9754028[-0.6595423,2.112588,-18.82389]);
(Hsphere{8.200001},0.9799805[-0.5263761,2.151697,-18.90484]);
(Hsphere{8.200001},0.9853821[-0.4143765,2.195359,-18.97017]);
(Hsphere{8.200001},0.9897766[-0.2892397,2.257123,-19.04044]);
(Hsphere{8.200001},0.9953918[-0.1926335,2.31523,-19.09297]);
(Hsphere{8.200001},0.9995728[-0.07610075,2.398932,-19.15473]);
(Hsphere{8.200001},1.005402[0.006503501,2.46832,-19.19773]);
(Hsphere{8.200001},1.009399[0.1142165,2.572983,-19.25335]);
(Hsphere{8.200001},1.014404[0.1835196,2.651392,-19.28953]);
(Hsphere{8.200001},1.019409[0.2634591,2.757155,-19.33196]);
(Hsphere{8.200001},1.024078[0.3379966,2.869366,-19.37156]);
(Hsphere{8.200001},1.029022[0.4029447,2.979679,-19.40645]);
(Hsphere{8.200001},1.033875[0.4665185,3.101036,-19.44138]);
(Hsphere{8.200001},1.039032[0.5243329,3.225228,-19.47436]);
(Hsphere{8.200001},1.043671[0.5803773,3.361061,-19.50816]);
(Hsphere{8.200001},1.048584[0.6265087,3.487183,-19.53811]);
(Hsphere{8.200001},1.053497[0.670532,3.622962,-19.56948]);
(Hsphere{8.200001},1.058777[0.7098429,3.761241,-19.60108]);
(Hsphere{8.200001},1.063293[0.7469869,3.912702,-19.63592]);
(Hsphere{8.200001},1.068176[0.7742908,4.043142,-19.66668]);
(Hsphere{8.200001},1.07309[0.7993113,4.185636,-19.70159]);
(Hsphere{8.200001},1.078796[0.8198603,4.329368,-19.73729]);
(Hsphere{8.200001},1.082886[0.8388804,4.499345,-19.77847]);
(Hsphere{8.200001},1.087799[0.849427,4.622789,-19.80772]);
(Hsphere{8.200001},1.092804[0.8588915,4.772789,-19.84252]);
(Hsphere{8.200001},1.097595[0.865127,4.927416,-19.87759]);
(Hsphere{8.200001},1.102478[0.8680589,5.076797,-19.9107]);
(Hsphere{8.200001},1.107819[0.8682054,5.231568,-19.94423]);
(Hsphere{8.200001},1.112274[0.8652687,5.401895,-19.98023]);
(Hsphere{8.200001},1.117828[0.8605047,5.54587,-20.00996]);
(Hsphere{8.200001},1.122101[0.8518643,5.726295,-20.0463]);
(Hsphere{8.200001},1.126984[0.8433281,5.866006,-20.07375]);
(Hsphere{8.200001},1.131897[0.8316021,6.02808,-20.10485]);
(Hsphere{8.200001},1.13678[0.817997,6.19139,-20.13539]);
(Hsphere{8.200001},1.141693[0.8026412,6.355994,-20.16536]);
(Hsphere{8.200001},1.146576[0.7857165,6.521393,-20.19468]);
(Hsphere{8.200001},1.151489[0.7673285,6.687915,-20.22336]);
(Hsphere{8.200001},1.156372[0.7476143,6.855329,-20.25138]);
(Hsphere{8.200001},1.161285[0.7266841,7.023571,-20.27871]);
(Hsphere{8.200001},1.166199[0.7046669,7.192528,-20.30531]);
(Hsphere{8.200001},1.171082[0.6816633,7.36211,-20.33117]);
(Hsphere{8.200001},1.176788[0.6577837,7.532235,-20.35624]);
(Hsphere{8.200001},1.180878[0.6290007,7.730723,-20.38441]);
}
