grabnapel:6{
(Hsphere{15.4},1.107422[-22.99028,72.4599,14.68015]);
(Hsphere{15.4},1.112305[-22.99013,72.73528,13.4462]);
(Hsphere{15.4},1.117249[-22.91506,73.01351,12.13935]);
(Hsphere{15.4},1.122742[-22.74341,73.30135,10.72515]);
(Hsphere{15.4},1.127014[-22.39869,73.63891,8.966373]);
(Hsphere{15.4},1.131958[-21.98635,73.90816,7.44982]);
(Hsphere{15.4},1.136841[-21.31195,74.21321,5.536073]);
(Hsphere{15.4},1.141724[-20.36753,74.49193,3.423685]);
(Hsphere{15.4},1.146606[-19.1705,74.69462,1.241935]);
(Hsphere{15.4},1.15155[-17.77549,74.78899,-0.8684974]);
(Hsphere{15.4},1.156555[-16.21803,74.77242,-2.85417]);
(Hsphere{15.4},1.161621[-14.41784,74.64861,-4.814703]);
(Hsphere{15.4},1.16626[-12.51938,74.41055,-6.577004]);
(Hsphere{15.4},1.171143[-10.85057,74.11884,-7.906549]);
(Hsphere{15.4},1.176086[-9.219817,73.77274,-9.036181]);
(Hsphere{15.4},1.181091[-7.665973,73.39939,-9.981785]);
(Hsphere{15.4},1.185852[-6.290645,73.03193,-10.71361]);
(Hsphere{15.4},1.191101[-5.244724,72.72717,-11.19545]);
(Hsphere{15.4},1.195618[-4.388767,72.4619,-11.52371]);
(Hsphere{15.4},1.2005[-3.879837,72.29829,-11.68744]);
(Hsphere{15.4},1.205627[-3.531374,72.18596,-11.77771]);
(Hsphere{15.4},1.210327[-3.347322,72.13078,-11.80766]);
(Hsphere{15.4},1.215881[-3.285553,72.11752,-11.79443]);
(Hsphere{15.4},1.220154[-3.291817,72.13071,-11.75189]);
(Hsphere{15.4},1.225098[-3.317733,72.15024,-11.71737]);
}
