grab_head_front_l:3{
(Hsphere{8.200001},0.9603882[-6.687795,29.58065,12.35104]);
(Hsphere{8.200001},0.96521[-6.477231,29.71847,12.28228]);
(Hsphere{8.200001},0.9703979[-6.279965,29.85105,12.21209]);
(Hsphere{8.200001},0.9749756[-6.070483,29.9959,12.1312]);
(Hsphere{8.200001},0.9804077[-5.890963,30.12369,12.05653]);
(Hsphere{8.200001},0.9851074[-5.683856,30.27577,11.96399]);
(Hsphere{8.200001},0.9896851[-5.509274,30.40825,11.88047]);
(Hsphere{8.200001},0.9945679[-5.34504,30.53687,11.79711]);
(Hsphere{8.200001},0.9995117[-5.173509,30.67575,11.70485]);
(Hsphere{8.200001},1.004395[-5.007332,30.81527,11.61022]);
(Hsphere{8.200001},1.009277[-4.846591,30.95543,11.5135]);
(Hsphere{8.200001},1.01416[-4.691336,31.09627,11.41499]);
(Hsphere{8.200001},1.019104[-4.541904,31.23808,11.31468]);
(Hsphere{8.200001},1.023987[-4.399257,31.38163,11.21183]);
(Hsphere{8.200001},1.02887[-4.263231,31.52685,11.10692]);
(Hsphere{8.200001},1.033813[-4.133554,31.67358,11.00058]);
(Hsphere{8.200001},1.038879[-4.010043,31.82166,10.89361]);
(Hsphere{8.200001},1.043579[-3.888463,31.97585,10.78306]);
(Hsphere{8.200001},1.048584[-3.780073,32.12067,10.68037]);
(Hsphere{8.200001},1.054077[-3.671243,32.27324,10.57384]);
(Hsphere{8.200001},1.058289[-3.556317,32.44213,10.4584]);
(Hsphere{8.200001},1.063171[-3.471271,32.57206,10.37176]);
(Hsphere{8.200001},1.068054[-3.377683,32.7235,10.27486]);
(Hsphere{8.200001},1.072998[-3.290993,32.88103,10.18606]);
(Hsphere{8.200001},1.077881[-3.214103,33.04884,10.10999]);
(Hsphere{8.200001},1.082764[-3.15102,33.2313,10.05052]);
(Hsphere{8.200001},1.088074[-3.107483,33.43302,10.01049]);
(Hsphere{8.200001},1.09259[-3.084926,33.67693,9.993666]);
(Hsphere{8.200001},1.097473[-3.088994,33.91132,10.00002]);
(Hsphere{8.200001},1.102356[-3.118833,34.19626,10.03277]);
(Hsphere{8.200001},1.1073[-3.174939,34.52113,10.0988]);
(Hsphere{8.200001},1.112183[-3.259563,34.88976,10.19723]);
(Hsphere{8.200001},1.117065[-3.372613,35.29221,10.31561]);
(Hsphere{8.200001},1.122009[-3.503639,35.72075,10.4503]);
(Hsphere{8.200001},1.126892[-3.643185,36.1676,10.59607]);
(Hsphere{8.200001},1.131836[-3.787474,36.62653,10.74388]);
(Hsphere{8.200001},1.137329[-3.933475,37.09426,10.8869]);
(Hsphere{8.200001},1.141602[-4.086494,37.6112,11.03506]);
(Hsphere{8.200001},1.147339[-4.191448,38.0046,11.14044]);
(Hsphere{8.200001},1.151367[-4.300225,38.50274,11.2645]);
(Hsphere{8.200001},1.156311[-4.349648,38.83388,11.34109]);
(Hsphere{8.200001},1.161316[-4.37331,39.20709,11.42377]);
(Hsphere{8.200001},1.166077[-4.368899,39.55756,11.49475]);
(Hsphere{8.200001},1.171326[-4.345627,39.8642,11.54804]);
(Hsphere{8.200001},1.175903[-4.302663,40.17276,11.59049]);
(Hsphere{8.200001},1.181335[-4.234895,40.43063,11.61794]);
(Hsphere{8.200001},1.185669[-4.118046,40.72919,11.64129]);
(Hsphere{8.200001},1.191345[-4.003077,40.95839,11.6527]);
(Hsphere{8.200001},1.195496[-3.834611,41.24255,11.65701]);
(Hsphere{8.200001},1.200378[-3.70291,41.44034,11.65526]);
(Hsphere{8.200001},1.205261[-3.54504,41.66235,11.64899]);
(Hsphere{8.200001},1.210205[-3.380749,41.87092,11.63633]);
(Hsphere{8.200001},1.21521[-3.200844,42.06615,11.61403]);
(Hsphere{8.200001},1.219971[-3.006136,42.25044,11.58191]);
(Hsphere{8.200001},1.22522[-2.813441,42.41496,11.54703]);
(Hsphere{8.200001},1.229797[-2.600017,42.57979,11.50208]);
(Hsphere{8.200001},1.235229[-2.416586,42.70897,11.45684]);
(Hsphere{8.200001},1.239563[-2.205667,42.8501,11.40117]);
(Hsphere{8.200001},1.244507[-2.052248,42.9538,11.35239]);
(Hsphere{8.200001},1.24939[-1.900049,43.05861,11.29024]);
(Hsphere{8.200001},1.254272[-1.771111,43.15269,11.22483]);
(Hsphere{8.200001},1.259155[-1.653393,43.24335,11.15819]);
(Hsphere{8.200001},1.264099[-1.540938,43.32944,11.08096]);
(Hsphere{8.200001},1.269043[-1.428756,43.41386,10.99151]);
(Hsphere{8.200001},1.273865[-1.321683,43.50277,10.89927]);
(Hsphere{8.200001},1.279053[-1.229451,43.58973,10.80828]);
(Hsphere{8.200001},1.283691[-1.140158,43.6842,10.70971]);
(Hsphere{8.200001},1.289001[-1.068029,43.77283,10.61798]);
(Hsphere{8.200001},1.293457[-0.9991264,43.88229,10.50579]);
(Hsphere{8.200001},1.299011[-0.9496967,43.98153,10.40477]);
(Hsphere{8.200001},1.303284[-0.8939155,44.11636,10.26737]);
(Hsphere{8.200001},1.308167[-0.8519127,44.22866,10.15091]);
(Hsphere{8.200001},1.31311[-0.800899,44.367,10.00312]);
(Hsphere{8.200001},1.317993[-0.7443765,44.51396,9.839346]);
(Hsphere{8.200001},1.322876[-0.6879709,44.66541,9.662595]);
(Hsphere{8.200001},1.32782[-0.633141,44.81883,9.474037]);
(Hsphere{8.200001},1.333008[-0.5792873,44.97334,9.27359]);
(Hsphere{8.200001},1.337585[-0.5225009,45.13924,9.047882]);
(Hsphere{8.200001},1.342834[-0.4732224,45.28011,8.84227]);
(Hsphere{8.200001},1.347412[-0.4162453,45.43621,8.596633]);
(Hsphere{8.200001},1.352844[-0.3654668,45.56687,8.373921]);
(Hsphere{8.200001},1.357178[-0.3034899,45.71328,8.101834]);
(Hsphere{8.200001},1.362061[-0.2519997,45.82294,7.878976]);
(Hsphere{8.200001},1.367004[-0.1932947,45.93672,7.625941]);
(Hsphere{8.200001},1.371887[-0.1377774,46.03925,7.373173]);
(Hsphere{8.200001},1.37677[-0.08601519,46.13063,7.122117]);
(Hsphere{8.200001},1.381775[-0.0382719,46.21125,6.874222]);
}
