grabnapel:5{
(Hsphere{13},1.107727[-19.15857,60.39956,12.23346]);
(Hsphere{13},1.112305[-19.15638,60.64445,11.13428]);
(Hsphere{13},1.117188[-19.09589,60.8609,10.11612]);
(Hsphere{13},1.122742[-18.95284,61.10077,8.937628]);
(Hsphere{13},1.127441[-18.66302,61.38407,7.46116]);
(Hsphere{13},1.131897[-18.28134,61.62856,6.077303]);
(Hsphere{13},1.137146[-17.75996,61.86066,4.613394]);
(Hsphere{13},1.141724[-16.91196,62.1067,2.730978]);
(Hsphere{13},1.146606[-15.97545,62.26183,1.034992]);
(Hsphere{13},1.151489[-14.81291,62.34046,-0.7237478]);
(Hsphere{13},1.156433[-13.51627,62.3267,-2.377009]);
(Hsphere{13},1.161438[-12.04669,62.22655,-3.980206]);
(Hsphere{13},1.166199[-10.48131,62.03246,-5.439249]);
(Hsphere{13},1.171204[-9.041955,61.78199,-6.588933]);
(Hsphere{13},1.176025[-7.653196,61.48681,-7.549574]);
(Hsphere{13},1.181519[-6.407461,61.18734,-8.307259]);
(Hsphere{13},1.185791[-5.149178,60.85007,-8.973724]);
(Hsphere{13},1.190857[-4.370604,60.62228,-9.329539]);
(Hsphere{13},1.19635[-3.681617,60.40894,-9.594584]);
(Hsphere{13},1.2005[-3.17862,60.2472,-9.755132]);
(Hsphere{13},1.205383[-2.942811,60.17127,-9.814757]);
(Hsphere{13},1.210327[-2.792702,60.12619,-9.839569]);
(Hsphere{13},1.21521[-2.737747,60.11425,-9.828439]);
(Hsphere{13},1.220154[-2.740349,60.12302,-9.798042]);
(Hsphere{13},1.225159[-2.764931,60.14164,-9.764282]);
}
