grabbackl:4{
(Hsphere{10.6},0.9606018[-27.19678,20.05192,2.828299]);
(Hsphere{10.6},0.9653015[-27.51771,20.12796,1.95577]);
(Hsphere{10.6},0.9706116[-27.78971,20.14773,1.074824]);
(Hsphere{10.6},0.9750977[-28.05998,20.08664,-0.03757501]);
(Hsphere{10.6},0.9805908[-28.2355,19.93223,-1.113646]);
(Hsphere{10.6},0.9848938[-28.35059,19.57607,-2.649302]);
(Hsphere{10.6},0.9897919[-28.32614,19.13857,-4.049481]);
(Hsphere{10.6},0.9947052[-28.12251,18.44784,-5.861419]);
(Hsphere{10.6},0.9996033[-27.67286,17.54306,-7.872305]);
(Hsphere{10.6},1.004608[-26.9134,16.41971,-10.03224]);
(Hsphere{10.6},1.009613[-25.77375,15.07969,-12.29634]);
(Hsphere{10.6},1.014297[-24.26081,13.61443,-14.50392]);
(Hsphere{10.6},1.019623[-22.5383,12.19734,-16.41758]);
(Hsphere{10.6},1.024094[-20.28042,10.60109,-18.33132]);
(Hsphere{10.6},1.028992[-18.179,9.310064,-19.69091]);
(Hsphere{10.6},1.033905[-15.75511,8.001496,-20.88676]);
(Hsphere{10.6},1.038803[-13.30467,6.841412,-21.77565]);
(Hsphere{10.6},1.043701[-10.94475,5.864234,-22.36743]);
(Hsphere{10.6},1.04863[-8.781864,5.074049,-22.72673]);
(Hsphere{10.6},1.053635[-6.906715,4.461837,-22.9273]);
(Hsphere{10.6},1.05864[-5.40051,4.010921,-23.04637]);
(Hsphere{10.6},1.063293[-4.251178,3.682373,-23.13555]);
(Hsphere{10.6},1.068649[-3.442153,3.451533,-23.21755]);
(Hsphere{10.6},1.073105[-2.779308,3.251495,-23.32915]);
(Hsphere{10.6},1.078644[-2.409089,3.124443,-23.44174]);
(Hsphere{10.6},1.082901[-2.128576,3.002907,-23.60675]);
(Hsphere{10.6},1.087799[-2.016223,2.931471,-23.7472]);
(Hsphere{10.6},1.092697[-1.958637,2.867222,-23.91792]);
(Hsphere{10.6},1.098083[-1.935484,2.818475,-24.09205]);
(Hsphere{10.6},1.102493[-1.8973,2.778711,-24.27896]);
(Hsphere{10.6},1.107803[-1.818045,2.753948,-24.42169]);
(Hsphere{10.6},1.112305[-1.640868,2.731737,-24.57328]);
(Hsphere{10.6},1.117813[-1.483136,2.722718,-24.69107]);
(Hsphere{10.6},1.122101[-1.296538,2.724566,-24.82411]);
(Hsphere{10.6},1.126999[-1.156274,2.735573,-24.91982]);
(Hsphere{10.6},1.131897[-1.001558,2.758094,-25.02129]);
(Hsphere{10.6},1.136826[-0.8526834,2.790903,-25.11507]);
(Hsphere{10.6},1.141693[-0.7089368,2.833882,-25.20224]);
(Hsphere{10.6},1.146591[-0.5724696,2.885921,-25.28209]);
(Hsphere{10.6},1.151505[-0.441042,2.947388,-25.35654]);
(Hsphere{10.6},1.156555[-0.315295,3.017603,-25.42574]);
(Hsphere{10.6},1.16156[-0.1912329,3.098936,-25.49232]);
(Hsphere{10.6},1.166199[-0.07435543,3.187647,-25.55381]);
(Hsphere{10.6},1.171585[0.02880228,3.276679,-25.60737]);
(Hsphere{10.6},1.17601[0.1427645,3.388056,-25.66621]);
(Hsphere{10.6},1.181412[0.2314559,3.486295,-25.71233]);
(Hsphere{10.6},1.185791[0.3310175,3.615341,-25.7652]);
(Hsphere{10.6},1.190704[0.4075454,3.725987,-25.8058]);
(Hsphere{10.6},1.195602[0.4881804,3.85486,-25.84882]);
(Hsphere{10.6},1.2005[0.5638992,3.98906,-25.88976]);
(Hsphere{10.6},1.205521[0.6347669,4.128158,-25.92898]);
(Hsphere{10.6},1.210297[0.7025444,4.275548,-25.96782]);
(Hsphere{10.6},1.215515[0.7622763,4.419271,-26.0037]);
(Hsphere{10.6},1.220093[0.8226174,4.580516,-26.04228]);
(Hsphere{10.6},1.224991[0.8711575,4.724608,-26.07578]);
(Hsphere{10.6},1.230606[0.9186605,4.881508,-26.11173]);
(Hsphere{10.6},1.234802[0.9673729,5.063733,-26.15339]);
(Hsphere{10.6},1.2397[0.9998322,5.201482,-26.18523]);
(Hsphere{10.6},1.244598[1.033426,5.36363,-26.22353]);
(Hsphere{10.6},1.249527[1.062279,5.526596,-26.26336]);
(Hsphere{10.6},1.254517[1.08675,5.69137,-26.30443]);
(Hsphere{10.6},1.259521[1.107529,5.860387,-26.34576]);
(Hsphere{10.6},1.264191[1.124511,6.03193,-26.38688]);
(Hsphere{10.6},1.269104[1.137064,6.19414,-26.42504]);
(Hsphere{10.6},1.274521[1.146906,6.365711,-26.46462]);
(Hsphere{10.6},1.2789[1.154076,6.557636,-26.50801]);
(Hsphere{10.6},1.284531[1.157161,6.714082,-26.54269]);
(Hsphere{10.6},1.288696[1.157783,6.917196,-26.58681]);
(Hsphere{10.6},1.293594[1.155939,7.069047,-26.61914]);
(Hsphere{10.6},1.298538[1.151399,7.248858,-26.65672]);
(Hsphere{10.6},1.303543[1.144377,7.431816,-26.69417]);
(Hsphere{10.6},1.308548[1.134923,7.618517,-26.73159]);
(Hsphere{10.6},1.313202[1.123264,7.806276,-26.7684]);
(Hsphere{10.6},1.318558[1.110555,7.982216,-26.80218]);
(Hsphere{10.6},1.322998[1.09386,8.186065,-26.84043]);
(Hsphere{10.6},1.328552[1.078413,8.356454,-26.87169]);
(Hsphere{10.6},1.332794[1.057267,8.570592,-26.91006]);
(Hsphere{10.6},1.337692[1.039811,8.735028,-26.93883]);
(Hsphere{10.6},1.342606[1.018377,8.925758,-26.97146]);
(Hsphere{10.6},1.348068[0.9956508,9.117372,-27.00343]);
(Hsphere{10.6},1.352402[0.96892,9.332076,-27.03827]);
(Hsphere{10.6},1.357758[0.9467784,9.50288,-27.06527]);
(Hsphere{10.6},1.362198[0.9183035,9.714971,-27.09789]);
(Hsphere{10.6},1.367096[0.8939371,9.890952,-27.1242]);
(Hsphere{10.6},1.372314[0.8662392,10.08574,-27.15251]);
(Hsphere{10.6},1.376892[0.8359087,10.29378,-27.18181]);
}
