grab_head_front_r:1{
(Hsphere{3.4},0.7495422[2.206109,9.972859,4.112264]);
(Hsphere{3.4},0.7544556[2.123451,10.02696,4.083427]);
(Hsphere{3.4},0.759613[2.034908,10.08681,4.049178]);
(Hsphere{3.4},0.7642517[1.944988,10.15,4.010635]);
(Hsphere{3.4},0.769165[1.867474,10.20671,3.974193]);
(Hsphere{3.4},0.7741394[1.787658,10.26596,3.933736]);
(Hsphere{3.4},0.7790527[1.708775,10.32535,3.890806]);
(Hsphere{3.4},0.7841492[1.633383,10.38341,3.846891]);
(Hsphere{3.4},0.7887573[1.558531,10.44288,3.800318]);
(Hsphere{3.4},0.7941589[1.493688,10.49648,3.757254]);
(Hsphere{3.4},0.7985535[1.423677,10.55763,3.70588]);
(Hsphere{3.4},0.8034668[1.371283,10.60681,3.663464]);
(Hsphere{3.4},0.8083496[1.3179,10.66155,3.616266]);
(Hsphere{3.4},0.8140564[1.269363,10.71721,3.569338]);
(Hsphere{3.4},0.8181458[1.218202,10.78401,3.515829]);
(Hsphere{3.4},0.8230591[1.184467,10.83385,3.478569]);
(Hsphere{3.4},0.8279419[1.146814,10.89599,3.435738]);
(Hsphere{3.4},0.8328552[1.111897,10.96124,3.395251]);
(Hsphere{3.4},0.8377686[1.079633,11.02973,3.358873]);
(Hsphere{3.4},0.8426514[1.050426,11.10248,3.32864]);
(Hsphere{3.4},0.8475647[1.032427,11.18799,3.308714]);
(Hsphere{3.4},0.8524475[1.028019,11.29012,3.301178]);
(Hsphere{3.4},0.8573608[1.03713,11.40658,3.30522]);
(Hsphere{3.4},0.8622437[1.05796,11.54037,3.322562]);
(Hsphere{3.4},0.867157[1.091381,11.68993,3.353983]);
(Hsphere{3.4},0.8720398[1.135985,11.85376,3.394327]);
(Hsphere{3.4},0.8769531[1.189274,12.03183,3.441844]);
(Hsphere{3.4},0.881958[1.249998,12.21926,3.492982]);
(Hsphere{3.4},0.8867493[1.313073,12.41195,3.548182]);
(Hsphere{3.4},0.8920288[1.369511,12.59531,3.602986]);
(Hsphere{3.4},0.8965454[1.424205,12.79126,3.660904]);
(Hsphere{3.4},0.9020081[1.462634,12.95417,3.706897]);
(Hsphere{3.4},0.9063416[1.493185,13.13982,3.755787]);
(Hsphere{3.4},0.9120483[1.501612,13.27647,3.788356]);
(Hsphere{3.4},0.9161377[1.487386,13.44003,3.821672]);
(Hsphere{3.4},0.921051[1.463118,13.54979,3.840226]);
(Hsphere{3.4},0.9265747[1.422319,13.67126,3.856541]);
(Hsphere{3.4},0.9310608[1.362303,13.79696,3.868815]);
(Hsphere{3.4},0.9357605[1.304843,13.88848,3.873375]);
(Hsphere{3.4},0.9410706[1.237326,13.97483,3.873125]);
(Hsphere{3.4},0.9455566[1.154507,14.06323,3.867925]);
(Hsphere{3.4},0.9510803[1.08113,14.13041,3.85767]);
(Hsphere{3.4},0.9553528[0.9893864,14.20504,3.840369]);
(Hsphere{3.4},0.9606628[0.9192868,14.25636,3.82258]);
(Hsphere{3.4},0.9651489[0.8349746,14.31313,3.795295]);
(Hsphere{3.4},0.9700623[0.7673587,14.35657,3.769585]);
(Hsphere{3.4},0.9749756[0.7001657,14.39769,3.736961]);
(Hsphere{3.4},0.9798584[0.6400851,14.43542,3.701864]);
(Hsphere{3.4},0.9849854[0.5872696,14.47282,3.663307]);
(Hsphere{3.4},0.9896545[0.539072,14.51323,3.617522]);
(Hsphere{3.4},0.9949646[0.498859,14.55231,3.573414]);
(Hsphere{3.4},0.9994507[0.4561658,14.59793,3.520004]);
(Hsphere{3.4},1.004974[0.4222942,14.63812,3.472181]);
(Hsphere{3.4},1.009247[0.3829909,14.69111,3.410084]);
(Hsphere{3.4},1.01416[0.3539236,14.73534,3.359131]);
(Hsphere{3.4},1.019043[0.3212705,14.78984,3.296619]);
(Hsphere{3.4},1.023987[0.2886618,14.84784,3.229069]);
(Hsphere{3.4},1.028992[0.2552995,14.9089,3.155523]);
(Hsphere{3.4},1.033752[0.2202954,14.97277,3.074732]);
(Hsphere{3.4},1.038666[0.1854212,15.03453,2.991756]);
(Hsphere{3.4},1.043549[0.1505319,15.09717,2.901901]);
(Hsphere{3.4},1.048462[0.1188769,15.15741,2.809143]);
(Hsphere{3.4},1.053345[0.09061132,15.21526,2.714021]);
(Hsphere{3.4},1.058258[0.06442664,15.27009,2.61544]);
(Hsphere{3.4},1.063141[0.04034298,15.32087,2.513918]);
(Hsphere{3.4},1.068298[0.01848509,15.3668,2.410915]);
(Hsphere{3.4},1.072968[-0.002012257,15.40943,2.302523]);
(Hsphere{3.4},1.07785[-0.01837183,15.4432,2.205059]);
}
