grabfrontr:6{
(Hsphere{15.4},0.8972778[39.57828,18.17219,-18.05274]);
(Hsphere{15.4},0.9016113[39.59267,17.52203,-17.26375]);
(Hsphere{15.4},0.9065552[39.58929,17.00871,-16.59466]);
(Hsphere{15.4},0.911438[39.5745,16.44428,-15.80338]);
(Hsphere{15.4},0.9163208[39.55086,15.89399,-14.96839]);
(Hsphere{15.4},0.9212036[39.51694,15.35616,-14.08915]);
(Hsphere{15.4},0.9261475[39.47389,14.83275,-13.16718]);
(Hsphere{15.4},0.9310303[39.42267,14.32565,-12.20399]);
(Hsphere{15.4},0.9359131[39.36406,13.8365,-11.201]);
(Hsphere{15.4},0.9417114[39.29861,13.36676,-10.15956]);
(Hsphere{15.4},0.9457397[39.21319,12.84018,-8.885201]);
(Hsphere{15.4},0.9506226[39.14815,12.49073,-7.966354]);
(Hsphere{15.4},0.9556885[39.05907,12.0891,-6.830142]);
(Hsphere{15.4},0.9604492[38.95305,11.70121,-5.636803]);
(Hsphere{15.4},0.9657593[38.84188,11.36914,-4.522547]);
(Hsphere{15.4},0.9702148[38.7018,11.02585,-3.252599]);
(Hsphere{15.4},0.9751587[38.57054,10.75138,-2.117772]);
(Hsphere{15.4},0.9800415[38.40857,10.46754,-0.8172462]);
(Hsphere{15.4},0.9849243[38.22001,10.19888,0.5444587]);
(Hsphere{15.4},0.9902954[38.01019,9.94105,1.969889]);
(Hsphere{15.4},0.994751[37.74509,9.686698,3.609041]);
(Hsphere{15.4},1[37.48897,9.503017,5.011845]);
(Hsphere{15.4},1.004517[37.13107,9.314589,6.740158]);
(Hsphere{15.4},1.009399[36.77825,9.18178,8.242062]);
(Hsphere{15.4},1.014343[36.33859,9.065649,9.902241]);
(Hsphere{15.4},1.019226[35.83651,8.97808,11.57783]);
(Hsphere{15.4},1.024109[35.26823,8.917495,13.25743]);
(Hsphere{15.4},1.029114[34.62377,8.876351,14.94216]);
(Hsphere{15.4},1.033936[33.88425,8.850561,16.66125]);
(Hsphere{15.4},1.039124[33.09494,8.840998,18.30851]);
(Hsphere{15.4},1.043701[32.15045,8.847103,20.08578]);
(Hsphere{15.4},1.048645[31.24261,8.866659,21.63979]);
(Hsphere{15.4},1.053528[30.20043,8.90148,23.27247]);
(Hsphere{15.4},1.058472[29.08712,8.950119,24.86814]);
(Hsphere{15.4},1.063538[27.9044,9.010595,26.43441]);
(Hsphere{15.4},1.068237[26.64982,9.085577,27.96563]);
(Hsphere{15.4},1.07312[25.42764,9.170555,29.33876]);
(Hsphere{15.4},1.078003[24.11762,9.274779,30.69889]);
(Hsphere{15.4},1.083008[22.77692,9.388623,31.98099]);
(Hsphere{15.4},1.08783[21.38533,9.497824,33.19578]);
(Hsphere{15.4},1.093018[20.03409,9.593729,34.27354]);
(Hsphere{15.4},1.097656[18.55652,9.68646,35.34852]);
(Hsphere{15.4},1.103027[17.25438,9.757579,36.214]);
(Hsphere{15.4},1.107422[15.72047,9.828288,37.14412]);
(Hsphere{15.4},1.113098[14.48509,9.874292,37.82898]);
(Hsphere{15.4},1.118042[12.90141,9.919244,38.63181]);
(Hsphere{15.4},1.122131[11.52181,9.955915,39.27983]);
(Hsphere{15.4},1.127075[10.4257,9.984964,39.76469]);
(Hsphere{15.4},1.131958[9.115839,10.01859,40.31034]);
(Hsphere{15.4},1.137085[7.866103,10.04871,40.79753]);
(Hsphere{15.4},1.141724[6.575871,10.07783,41.26679]);
(Hsphere{15.4},1.147217[5.449635,10.10052,41.6493]);
(Hsphere{15.4},1.15155[4.161347,10.12162,42.05693]);
(Hsphere{15.4},1.156433[3.192053,10.13264,42.34325]);
(Hsphere{15.4},1.161377[2.127015,10.13824,42.63838]);
(Hsphere{15.4},1.166199[1.102039,10.13526,42.90379]);
(Hsphere{15.4},1.171143[0.1331633,10.1225,43.13853]);
(Hsphere{15.4},1.176025[-0.7918512,10.09862,43.34863]);
(Hsphere{15.4},1.180908[-1.666349,10.06233,43.53526]);
(Hsphere{15.4},1.185852[-2.488275,10.0123,43.70063]);
(Hsphere{15.4},1.190735[-3.25985,9.946899,43.8477]);
(Hsphere{15.4},1.195923[-3.980528,9.87599,43.98414]);
(Hsphere{15.4},1.2005[-4.707885,9.800546,44.12632]);
(Hsphere{15.4},1.205933[-5.330698,9.732555,44.2533]);
(Hsphere{15.4},1.210327[-6.018665,9.656165,44.39568]);
(Hsphere{15.4},1.215881[-6.571995,9.596256,44.51421]);
(Hsphere{15.4},1.220154[-7.264568,9.520665,44.67825]);
(Hsphere{15.4},1.225525[-7.785217,9.46407,44.81247]);
(Hsphere{15.4},1.229919[-8.44522,9.392995,44.97976]);
(Hsphere{15.4},1.234802[-8.987529,9.331417,45.10841]);
(Hsphere{15.4},1.239746[-9.613823,9.257788,45.2519]);
(Hsphere{15.4},1.244629[-10.26039,9.181248,45.39292]);
(Hsphere{15.4},1.249512[-10.91421,9.106952,45.51141]);
(Hsphere{15.4},1.254456[-11.58496,9.0349,45.61834]);
(Hsphere{15.4},1.259338[-12.27617,8.966534,45.71627]);
(Hsphere{15.4},1.264221[-12.98752,8.904171,45.80256]);
(Hsphere{15.4},1.269104[-13.70439,8.854021,45.85279]);
(Hsphere{15.4},1.274048[-14.44071,8.814376,45.88624]);
(Hsphere{15.4},1.278931[-15.19582,8.787453,45.90005]);
(Hsphere{15.4},1.283813[-15.96598,8.776489,45.88691]);
(Hsphere{15.4},1.289307[-16.73439,8.789289,45.8377]);
(Hsphere{15.4},1.29364[-17.59289,8.833013,45.75908]);
(Hsphere{15.4},1.298523[-18.26965,8.892204,45.67818]);
(Hsphere{15.4},1.303406[-19.02832,8.990075,45.55782]);
(Hsphere{15.4},1.30835[-19.77561,9.124178,45.40349]);
(Hsphere{15.4},1.313232[-20.51179,9.295001,45.22336]);
(Hsphere{15.4},1.318176[-21.23362,9.505161,45.01663]);
(Hsphere{15.4},1.323547[-21.94366,9.758911,44.78012]);
(Hsphere{15.4},1.327942[-22.68285,10.07924,44.49178]);
(Hsphere{15.4},1.332825[-23.25521,10.37365,44.23321]);
(Hsphere{15.4},1.338562[-23.86126,10.73851,43.9184]);
(Hsphere{15.4},1.342834[-24.52247,11.21217,43.513]);
(Hsphere{15.4},1.347534[-24.97948,11.59791,43.18702]);
(Hsphere{15.4},1.352417[-25.43475,12.04467,42.81282]);
(Hsphere{15.4},1.3573[-25.86188,12.53868,42.40177]);
(Hsphere{15.4},1.362244[-26.23923,13.05578,41.97778]);
(Hsphere{15.4},1.367249[-26.54988,13.58768,41.54717]);
(Hsphere{15.4},1.372009[-26.79993,14.14399,41.10197]);
(Hsphere{15.4},1.377014[-26.98175,14.68054,40.67923]);
(Hsphere{15.4},1.381836[-27.12838,15.24687,40.23913]);
(Hsphere{15.4},1.387024[-27.21989,15.79608,39.81142]);
(Hsphere{15.4},1.391602[-27.26543,16.38239,39.35239]);
(Hsphere{15.4},1.397034[-27.27515,16.89616,38.95353]);
(Hsphere{15.4},1.401611[-27.2485,17.48263,38.49815]);
(Hsphere{15.4},1.406311[-27.18853,17.96695,38.11717]);
(Hsphere{15.4},1.411255[-27.09502,18.44897,37.73309]);
(Hsphere{15.4},1.416626[-26.98767,18.93186,37.35511]);
(Hsphere{15.4},1.421021[-26.84498,19.4404,36.95476]);
(Hsphere{15.4},1.426636[-26.70764,19.8373,36.63734]);
(Hsphere{15.4},1.430847[-26.51469,20.3156,36.25043]);
(Hsphere{15.4},1.43573[-26.37615,20.65452,35.98504]);
(Hsphere{15.4},1.440613[-26.20071,21.02662,35.69003]);
(Hsphere{15.4},1.445557[-26.01219,21.37308,35.41225]);
}
