grabbackl:5{
(Hsphere{13},1.014282[-34.0382,25.0524,3.427773]);
(Hsphere{13},1.019226[-34.40151,25.13622,2.431789]);
(Hsphere{13},1.024109[-34.73742,25.1602,1.342581]);
(Hsphere{13},1.028992[-35.03619,25.1018,0.1403995]);
(Hsphere{13},1.033936[-35.27308,24.92001,-1.22838]);
(Hsphere{13},1.03894[-35.41872,24.5806,-2.803883]);
(Hsphere{13},1.043945[-35.42767,24.0334,-4.663622]);
(Hsphere{13},1.048584[-35.23362,23.25033,-6.799321]);
(Hsphere{13},1.053955[-34.80701,22.29168,-9.021528]);
(Hsphere{13},1.058411[-33.96001,20.93329,-11.74672]);
(Hsphere{13},1.063965[-32.89418,19.57743,-14.14059]);
(Hsphere{13},1.068237[-31.1162,17.71943,-17.07329]);
(Hsphere{13},1.073914[-29.4061,16.20414,-19.22777]);
(Hsphere{13},1.078003[-26.73185,14.16477,-21.82935]);
(Hsphere{13},1.082947[-24.56514,12.72274,-23.46806]);
(Hsphere{13},1.087952[-21.75018,11.06347,-25.14256]);
(Hsphere{13},1.092712[-18.80298,9.535998,-26.46933]);
(Hsphere{13},1.097961[-16.00397,8.25324,-27.40397]);
(Hsphere{13},1.102478[-13.04689,7.063466,-28.0824]);
(Hsphere{13},1.107788[-10.72085,6.23043,-28.44137]);
(Hsphere{13},1.112305[-8.401092,5.481138,-28.67882]);
(Hsphere{13},1.117798[-6.800506,5.003666,-28.80419]);
(Hsphere{13},1.122131[-5.30273,4.57531,-28.9204]);
(Hsphere{13},1.127808[-4.40463,4.319436,-29.00947]);
(Hsphere{13},1.131897[-3.536732,4.059836,-29.14737]);
(Hsphere{13},1.13678[-3.104849,3.915401,-29.26666]);
(Hsphere{13},1.14209[-2.760124,3.777919,-29.43189]);
(Hsphere{13},1.146606[-2.551717,3.663581,-29.63215]);
(Hsphere{13},1.151489[-2.466933,3.587093,-29.81677]);
(Hsphere{13},1.157104[-2.430159,3.52257,-30.02206]);
(Hsphere{13},1.161316[-2.397355,3.467402,-30.2547]);
(Hsphere{13},1.166199[-2.340153,3.435362,-30.42367]);
(Hsphere{13},1.171082[-2.197313,3.405931,-30.60273]);
(Hsphere{13},1.176819[-1.990351,3.385497,-30.76262]);
(Hsphere{13},1.180908[-1.756269,3.377767,-30.93448]);
(Hsphere{13},1.185791[-1.594018,3.382646,-31.04862]);
(Hsphere{13},1.190979[-1.405522,3.399654,-31.17632]);
(Hsphere{13},1.195618[-1.213412,3.430487,-31.30127]);
(Hsphere{13},1.200989[-1.048176,3.468803,-31.40474]);
(Hsphere{13},1.20575[-0.8625913,3.526039,-31.5168]);
(Hsphere{13},1.210327[-0.706932,3.586644,-31.60759]);
(Hsphere{13},1.215698[-0.561211,3.654726,-31.69014]);
(Hsphere{13},1.220093[-0.396447,3.746137,-31.78091]);
(Hsphere{13},1.225037[-0.2685725,3.828621,-31.84969]);
(Hsphere{13},1.229919[-0.1315775,3.929249,-31.92205]);
(Hsphere{13},1.234802[-0.0006499151,4.038398,-31.99026]);
(Hsphere{13},1.239685[0.1243468,4.1556,-32.05484]);
(Hsphere{13},1.24469[0.243508,4.28038,-32.11638]);
(Hsphere{13},1.249512[0.3560862,4.417512,-32.17592]);
(Hsphere{13},1.254517[0.458342,4.557498,-32.23014]);
(Hsphere{13},1.259338[0.5584368,4.709225,-32.28333]);
(Hsphere{13},1.264221[0.6497285,4.862069,-32.33228]);
(Hsphere{13},1.269165[0.7371574,5.023231,-32.37991]);
(Hsphere{13},1.274109[0.8205226,5.192541,-32.42652]);
(Hsphere{13},1.278931[0.8972161,5.364093,-32.471]);
(Hsphere{13},1.283813[0.967366,5.536713,-32.51363]);
(Hsphere{13},1.288696[1.033598,5.716294,-32.55639]);
(Hsphere{13},1.293579[1.09466,5.8993,-32.59886]);
(Hsphere{13},1.298523[1.150552,6.085224,-32.64145]);
(Hsphere{13},1.303406[1.201278,6.273629,-32.6845]);
(Hsphere{13},1.308289[1.246802,6.464001,-32.72842]);
(Hsphere{13},1.313232[1.287085,6.655874,-32.77361]);
(Hsphere{13},1.318115[1.322066,6.848675,-32.82048]);
(Hsphere{13},1.322998[1.351887,7.042435,-32.86883]);
(Hsphere{13},1.327881[1.377242,7.238324,-32.91697]);
(Hsphere{13},1.332825[1.398394,7.43638,-32.96477]);
(Hsphere{13},1.338074[1.415498,7.636565,-33.01219]);
(Hsphere{13},1.34259[1.429667,7.855194,-33.063]);
(Hsphere{13},1.347839[1.438366,8.043053,-33.10588]);
(Hsphere{13},1.352417[1.444765,8.263407,-33.15524]);
(Hsphere{13},1.358093[1.447256,8.457322,-33.19788]);
(Hsphere{13},1.362183[1.446548,8.701097,-33.25043]);
(Hsphere{13},1.367859[1.443552,8.878883,-33.28803]);
(Hsphere{13},1.372009[1.436221,9.124483,-33.33901]);
(Hsphere{13},1.377075[1.428558,9.307238,-33.37619]);
(Hsphere{13},1.381836[1.416792,9.531148,-33.42091]);
(Hsphere{13},1.386719[1.403508,9.741877,-33.46215]);
(Hsphere{13},1.391602[1.38757,9.961379,-33.50425]);
(Hsphere{13},1.397095[1.369559,10.18224,-33.54573]);
(Hsphere{13},1.401428[1.347084,10.43101,-33.59141]);
(Hsphere{13},1.406311[1.327808,10.62778,-33.62676]);
(Hsphere{13},1.411255[1.304327,10.8523,-33.66625]);
(Hsphere{13},1.416138[1.279173,11.07872,-33.70517]);
(Hsphere{13},1.421204[1.252748,11.30448,-33.74307]);
(Hsphere{13},1.425903[1.22359,11.54223,-33.78202]);
(Hsphere{13},1.430786[1.195745,11.76031,-33.81685]);
(Hsphere{13},1.43573[1.165478,11.9894,-33.85254]);
(Hsphere{13},1.440613[1.134143,12.21915,-33.8874]);
(Hsphere{13},1.445496[1.101854,12.44948,-33.9214]);
(Hsphere{13},1.450378[1.06868,12.68031,-33.95452]);
(Hsphere{13},1.455383[1.034698,12.91155,-33.98674]);
}
