grab_head_front_l:6{
(Hsphere{15.4},1.126953[-13.21689,59.16647,24.65172]);
(Hsphere{15.4},1.131958[-12.86742,59.39697,24.53457]);
(Hsphere{15.4},1.136963[-12.52287,59.62952,24.41038]);
(Hsphere{15.4},1.141724[-12.17995,59.86662,24.27802]);
(Hsphere{15.4},1.146973[-11.85997,60.09335,24.14638]);
(Hsphere{15.4},1.151489[-11.51621,60.34341,23.99595]);
(Hsphere{15.4},1.156372[-11.22412,60.56165,23.86054]);
(Hsphere{15.4},1.161987[-10.91733,60.79705,23.71058]);
(Hsphere{15.4},1.16626[-10.5782,61.06538,23.53524]);
(Hsphere{15.4},1.171143[-10.32671,61.2704,23.39847]);
(Hsphere{15.4},1.176025[-10.04308,61.50842,23.23703]);
(Hsphere{15.4},1.18103[-9.764942,61.74947,23.07108]);
(Hsphere{15.4},1.186035[-9.495111,61.99137,22.9025]);
(Hsphere{15.4},1.190674[-9.225059,62.2423,22.72591]);
(Hsphere{15.4},1.195557[-8.989446,62.47139,22.56292]);
(Hsphere{15.4},1.20105[-8.748956,62.71706,22.38645]);
(Hsphere{15.4},1.205444[-8.490684,62.99534,22.18522]);
(Hsphere{15.4},1.21106[-8.296347,63.21535,22.02575]);
(Hsphere{15.4},1.21582[-8.049875,63.50884,21.81361]);
(Hsphere{15.4},1.220093[-7.855787,63.75192,21.63894]);
(Hsphere{15.4},1.224976[-7.683699,63.97668,21.47871]);
(Hsphere{15.4},1.229858[-7.495385,64.23279,21.29802]);
(Hsphere{15.4},1.234863[-7.314122,64.48946,21.11948]);
(Hsphere{15.4},1.240112[-7.139349,64.74634,20.94387]);
(Hsphere{15.4},1.244629[-6.956787,65.02421,20.75806]);
(Hsphere{15.4},1.249512[-6.807393,65.26223,20.60354]);
(Hsphere{15.4},1.254639[-6.655753,65.52434,20.44723]);
(Hsphere{15.4},1.259277[-6.508658,65.8151,20.29863]);
(Hsphere{15.4},1.264648[-6.390917,66.09461,20.18458]);
(Hsphere{15.4},1.269165[-6.281111,66.44296,20.08145]);
(Hsphere{15.4},1.27417[-6.216526,66.75826,20.02235]);
(Hsphere{15.4},1.279053[-6.174996,67.14748,19.98947]);
(Hsphere{15.4},1.283813[-6.170035,67.57134,19.99275]);
(Hsphere{15.4},1.289063[-6.203503,68.01987,20.02701]);
(Hsphere{15.4},1.293579[-6.281363,68.57576,20.11634]);
(Hsphere{15.4},1.299072[-6.384964,69.1136,20.23963]);
(Hsphere{15.4},1.303467[-6.558427,69.82979,20.43635]);
(Hsphere{15.4},1.309082[-6.732029,70.44196,20.61758]);
(Hsphere{15.4},1.313232[-6.988628,71.28379,20.88141]);
(Hsphere{15.4},1.318848[-7.188643,71.92371,21.08893]);
(Hsphere{15.4},1.322998[-7.466737,72.81217,21.3789]);
(Hsphere{15.4},1.327881[-7.679651,73.48798,21.59138]);
(Hsphere{15.4},1.332886[-7.924881,74.28036,21.82977]);
(Hsphere{15.4},1.337769[-8.157627,75.07028,22.0551]);
(Hsphere{15.4},1.342651[-8.363436,75.83383,22.26072]);
(Hsphere{15.4},1.347534[-8.535114,76.57345,22.44812]);
(Hsphere{15.4},1.352417[-8.661005,77.27513,22.61516]);
(Hsphere{15.4},1.3573[-8.730717,77.93068,22.76233]);
(Hsphere{15.4},1.362183[-8.749073,78.54617,22.89607]);
(Hsphere{15.4},1.367188[-8.732469,79.11995,23.00863]);
(Hsphere{15.4},1.372192[-8.688433,79.65741,23.10029]);
(Hsphere{15.4},1.377197[-8.62172,80.1609,23.1704]);
(Hsphere{15.4},1.381836[-8.506049,80.64661,23.22463]);
(Hsphere{15.4},1.387085[-8.353298,81.08601,23.26334]);
(Hsphere{15.4},1.391602[-8.137953,81.56615,23.29453]);
(Hsphere{15.4},1.396484[-7.921753,81.97043,23.30928]);
(Hsphere{15.4},1.401367[-7.669194,82.38731,23.31401]);
(Hsphere{15.4},1.406982[-7.403296,82.78647,23.31045]);
(Hsphere{15.4},1.411255[-7.094635,83.22058,23.29824]);
(Hsphere{15.4},1.416138[-6.858875,83.52752,23.28188]);
(Hsphere{15.4},1.421021[-6.5611,83.86839,23.24974]);
(Hsphere{15.4},1.425903[-6.243473,84.18997,23.20382]);
(Hsphere{15.4},1.430908[-5.915607,84.4877,23.14555]);
(Hsphere{15.4},1.435669[-5.570178,84.77791,23.08306]);
(Hsphere{15.4},1.440674[-5.235351,85.03572,23.01222]);
(Hsphere{15.4},1.446045[-4.894683,85.27821,22.92972]);
(Hsphere{15.4},1.450439[-4.535673,85.51854,22.83555]);
(Hsphere{15.4},1.455322[-4.259979,85.70442,22.75718]);
(Hsphere{15.4},1.46106[-3.979651,85.89494,22.65767]);
(Hsphere{15.4},1.46582[-3.695183,86.09373,22.52905]);
(Hsphere{15.4},1.469971[-3.490203,86.24759,22.4226]);
(Hsphere{15.4},1.474854[-3.317963,86.38024,22.32335]);
(Hsphere{15.4},1.479858[-3.125551,86.52776,22.19399]);
(Hsphere{15.4},1.484741[-2.935013,86.6718,22.04708]);
(Hsphere{15.4},1.489624[-2.742002,86.82291,21.88685]);
(Hsphere{15.4},1.494507[-2.572531,86.97197,21.7313]);
(Hsphere{15.4},1.499634[-2.421075,87.11993,21.57645]);
(Hsphere{15.4},1.504272[-2.2698,87.28224,21.40722]);
(Hsphere{15.4},1.509644[-2.146891,87.43293,21.25132]);
(Hsphere{15.4},1.51416[-2.025191,87.61912,21.06023]);
(Hsphere{15.4},1.519653[-1.938282,87.78245,20.89367]);
(Hsphere{15.4},1.523926[-1.839271,88.00508,20.66733]);
(Hsphere{15.4},1.528809[-1.768273,88.18607,20.48202]);
(Hsphere{15.4},1.533691[-1.685258,88.41006,20.24853]);
(Hsphere{15.4},1.538574[-1.597372,88.64796,19.99339]);
(Hsphere{15.4},1.543457[-1.500911,88.89842,19.71466]);
(Hsphere{15.4},1.548462[-1.404103,89.1559,19.41672]);
(Hsphere{15.4},1.553345[-1.309338,89.41822,19.1]);
(Hsphere{15.4},1.558228[-1.217329,89.67931,18.76942]);
(Hsphere{15.4},1.56311[-1.126141,89.94395,18.42108]);
(Hsphere{15.4},1.567993[-1.035597,90.20781,18.05722]);
(Hsphere{15.4},1.572876[-0.9447221,90.46721,17.67719]);
(Hsphere{15.4},1.578003[-0.854018,90.71697,17.28697]);
(Hsphere{15.4},1.582764[-0.7573373,90.96967,16.86396]);
(Hsphere{15.4},1.588013[-0.6675628,91.18938,16.46914]);
(Hsphere{15.4},1.592529[-0.5620972,91.427,16.00832]);
(Hsphere{15.4},1.598022[-0.4710434,91.61349,15.61744]);
(Hsphere{15.4},1.602295[-0.358777,91.82781,15.12813]);
(Hsphere{15.4},1.608032[-0.2772443,91.9776,14.75426]);
(Hsphere{15.4},1.612061[-0.173271,92.16126,14.2505]);
(Hsphere{15.4},1.617065[-0.1052092,92.27699,13.90108]);
(Hsphere{15.4},1.62207[-0.02719234,92.40525,13.47685]);
}
