grab_head_front_l:10{
(Hsphere{25},1.126953[-22.03718,98.53965,41.08914]);
(Hsphere{25},1.131958[-21.45455,98.92381,40.89402]);
(Hsphere{25},1.136719[-20.86577,99.32117,40.68185]);
(Hsphere{25},1.141724[-20.32314,99.69619,40.47261]);
(Hsphere{25},1.146973[-19.7678,100.0895,40.24449]);
(Hsphere{25},1.151367[-19.18799,100.5114,39.99068]);
(Hsphere{25},1.15625[-18.71477,100.8649,39.77133]);
(Hsphere{25},1.161255[-18.2033,101.2572,39.52152]);
(Hsphere{25},1.166626[-17.70449,101.6508,39.26475]);
(Hsphere{25},1.171021[-17.16327,102.0918,38.97073]);
(Hsphere{25},1.176636[-16.74561,102.4427,38.73254]);
(Hsphere{25},1.180786[-16.22137,102.8978,38.41901]);
(Hsphere{25},1.186157[-15.83934,103.2408,38.17987]);
(Hsphere{25},1.190552[-15.36539,103.6812,37.87]);
(Hsphere{25},1.195557[-14.98869,104.0475,37.60934]);
(Hsphere{25},1.201172[-14.5876,104.4569,37.31529]);
(Hsphere{25},1.205322[-14.14467,104.9342,36.9702]);
(Hsphere{25},1.210205[-13.83279,105.2873,36.71423]);
(Hsphere{25},1.215088[-13.47811,105.7076,36.41027]);
(Hsphere{25},1.219971[-13.13782,106.1307,36.10591]);
(Hsphere{25},1.224854[-12.81109,106.556,35.80249]);
(Hsphere{25},1.229858[-12.49704,106.9828,35.50132]);
(Hsphere{25},1.234741[-12.19475,107.4106,35.20365]);
(Hsphere{25},1.239624[-11.9033,107.8388,34.9109]);
(Hsphere{25},1.244507[-11.62168,108.2667,34.6244]);
(Hsphere{25},1.249512[-11.35169,108.6952,34.34549]);
(Hsphere{25},1.254272[-11.08951,109.1483,34.07522]);
(Hsphere{25},1.259888[-10.86234,109.5953,33.84552]);
(Hsphere{25},1.26416[-10.62758,110.1569,33.6185]);
(Hsphere{25},1.269043[-10.48432,110.6124,33.48385]);
(Hsphere{25},1.273926[-10.36254,111.188,33.37204]);
(Hsphere{25},1.278809[-10.29324,111.8215,33.31668]);
(Hsphere{25},1.283813[-10.28215,112.5204,33.32028]);
(Hsphere{25},1.288574[-10.34005,113.3095,33.37931]);
(Hsphere{25},1.293823[-10.45556,114.1478,33.51159]);
(Hsphere{25},1.298462[-10.65318,115.178,33.74663]);
(Hsphere{25},1.303833[-10.89251,116.1747,34.01993]);
(Hsphere{25},1.308228[-11.25408,117.4529,34.39775]);
(Hsphere{25},1.31311[-11.58204,118.5297,34.73478]);
(Hsphere{25},1.317993[-11.97496,119.788,35.1418]);
(Hsphere{25},1.322876[-12.37886,121.0799,35.56448]);
(Hsphere{25},1.327759[-12.79308,122.3945,35.9794]);
(Hsphere{25},1.333008[-13.202,123.7152,36.37705]);
(Hsphere{25},1.337646[-13.60731,125.0916,36.76951]);
(Hsphere{25},1.34314[-13.93417,126.3052,37.09611]);
(Hsphere{25},1.347778[-14.25556,127.7053,37.44978]);
(Hsphere{25},1.352295[-14.44569,128.8008,37.70898]);
(Hsphere{25},1.357178[-14.5502,129.8029,37.9335]);
(Hsphere{25},1.362183[-14.58179,130.8299,38.15699]);
(Hsphere{25},1.367188[-14.55415,131.8007,38.34759]);
(Hsphere{25},1.371948[-14.47974,132.7064,38.50195]);
(Hsphere{25},1.377197[-14.37605,133.4991,38.61268]);
(Hsphere{25},1.381714[-14.17424,134.3543,38.70856]);
(Hsphere{25},1.387207[-13.9268,135.0664,38.77132]);
(Hsphere{25},1.391846[-13.55095,135.903,38.82553]);
(Hsphere{25},1.396362[-13.17749,136.5965,38.84975]);
(Hsphere{25},1.401855[-12.78865,137.2365,38.85666]);
(Hsphere{25},1.40625[-12.2951,137.9753,38.84953]);
(Hsphere{25},1.411987[-11.8963,138.5366,38.834]);
(Hsphere{25},1.416016[-11.3551,139.2397,38.79621]);
(Hsphere{25},1.421143[-10.94303,139.707,38.75056]);
(Hsphere{25},1.425781[-10.38467,140.2716,38.66962]);
(Hsphere{25},1.431152[-9.867879,140.7402,38.57754]);
(Hsphere{25},1.435547[-9.245483,141.2618,38.46422]);
(Hsphere{25},1.441162[-8.734261,141.6546,38.35563]);
(Hsphere{25},1.445435[-8.097121,142.1065,38.20046]);
(Hsphere{25},1.450317[-7.625012,142.4215,38.07568]);
(Hsphere{25},1.4552[-7.107519,142.7704,37.93103]);
(Hsphere{25},1.460083[-6.639501,143.0883,37.76549]);
(Hsphere{25},1.464966[-6.227297,143.3753,37.58313]);
(Hsphere{25},1.469849[-5.86926,143.6405,37.39845]);
(Hsphere{25},1.474854[-5.534933,143.898,37.20866]);
(Hsphere{25},1.480103[-5.214106,144.144,36.99352]);
(Hsphere{25},1.484619[-4.872972,144.4017,36.72981]);
(Hsphere{25},1.489502[-4.580209,144.6311,36.4869]);
(Hsphere{25},1.494385[-4.295816,144.8804,36.22688]);
(Hsphere{25},1.499268[-4.03889,145.1308,35.96482]);
(Hsphere{25},1.504272[-3.799824,145.3864,35.69818]);
(Hsphere{25},1.510132[-3.578275,145.6562,35.41899]);
(Hsphere{25},1.514282[-3.360944,145.9916,35.07486]);
(Hsphere{25},1.518921[-3.223823,146.2525,34.80887]);
(Hsphere{25},1.524292[-3.087102,146.5576,34.49882]);
(Hsphere{25},1.529053[-2.935342,146.9427,34.10456]);
(Hsphere{25},1.533569[-2.800514,147.3074,33.72377]);
(Hsphere{25},1.539063[-2.664636,147.6751,33.32911]);
(Hsphere{25},1.543457[-2.485002,148.1418,32.80893]);
(Hsphere{25},1.54834[-2.342606,148.5213,32.36907]);
(Hsphere{25},1.553223[-2.185349,148.9563,31.8442]);
(Hsphere{25},1.558105[-2.031227,149.3936,31.29107]);
(Hsphere{25},1.562988[-1.879221,149.8345,30.71088]);
(Hsphere{25},1.567993[-1.728297,150.2745,30.10488]);
(Hsphere{25},1.572754[-1.57375,150.7156,29.45868]);
(Hsphere{25},1.578003[-1.425704,151.1234,28.82178]);
(Hsphere{25},1.582642[-1.26138,151.553,28.10285]);
(Hsphere{25},1.588013[-1.115052,151.9113,27.45924]);
(Hsphere{25},1.592407[-0.9359604,152.315,26.67679]);
(Hsphere{25},1.59729[-0.7876704,152.6189,26.04008]);
(Hsphere{25},1.602173[-0.6218178,152.9364,25.32011]);
(Hsphere{25},1.607056[-0.464408,153.2265,24.6014]);
(Hsphere{25},1.612061[-0.3160758,153.4896,23.8868]);
(Hsphere{25},1.616943[-0.1757394,153.7291,23.17051]);
(Hsphere{25},1.622437[-0.048921,153.9377,22.48165]);
}
