grab_head_front_r:2{
(Hsphere{5.8},0.8430176[4.406174,19.85177,8.25029]);
(Hsphere{5.8},0.8476563[4.240554,19.9603,8.192291]);
(Hsphere{5.8},0.8530273[4.091578,20.06082,8.134928]);
(Hsphere{5.8},0.8574829[3.924218,20.17766,8.064326]);
(Hsphere{5.8},0.8630371[3.791097,20.27411,8.003236]);
(Hsphere{5.8},0.8672485[3.628242,20.39465,7.922718]);
(Hsphere{5.8},0.8721313[3.507602,20.48477,7.859118]);
(Hsphere{5.8},0.8770752[3.371142,20.58827,7.782951]);
(Hsphere{5.8},0.881958[3.23886,20.69083,7.704641]);
(Hsphere{5.8},0.8868408[3.111188,20.79268,7.624611]);
(Hsphere{5.8},0.8917847[2.988766,20.89394,7.543231]);
(Hsphere{5.8},0.8966675[2.874482,20.99302,7.460346]);
(Hsphere{5.8},0.9019775[2.768772,21.09049,7.376573]);
(Hsphere{5.8},0.9064331[2.663592,21.1956,7.28574]);
(Hsphere{5.8},0.9119873[2.581594,21.2858,7.208831]);
(Hsphere{5.8},0.9162598[2.489351,21.39868,7.115777]);
(Hsphere{5.8},0.9211426[2.423018,21.48917,7.044851]);
(Hsphere{5.8},0.9260864[2.352321,21.59604,6.966169]);
(Hsphere{5.8},0.9309692[2.286088,21.70742,6.890578]);
(Hsphere{5.8},0.9358521[2.224251,21.82374,6.818789]);
(Hsphere{5.8},0.9407959[2.166572,21.94518,6.753489]);
(Hsphere{5.8},0.9458008[2.112826,22.0731,6.697155]);
(Hsphere{5.8},0.9508057[2.073218,22.22089,6.65519]);
(Hsphere{5.8},0.9554443[2.056356,22.39565,6.63303]);
(Hsphere{5.8},0.9606323[2.061,22.58056,6.63105]);
(Hsphere{5.8},0.965271[2.087162,22.81196,6.647876]);
(Hsphere{5.8},0.9711304[2.128264,23.04572,6.684369]);
(Hsphere{5.8},0.9752197[2.206059,23.37129,6.75676]);
(Hsphere{5.8},0.9799805[2.274316,23.6178,6.81853]);
(Hsphere{5.8},0.9849243[2.365622,23.924,6.900074]);
(Hsphere{5.8},0.9897461[2.474323,24.26278,6.992137]);
(Hsphere{5.8},0.9949341[2.58268,24.59183,7.085071]);
(Hsphere{5.8},0.9995728[2.695406,24.9469,7.189718]);
(Hsphere{5.8},1.005188[2.786154,25.25575,7.282457]);
(Hsphere{5.8},1.009338[2.883598,25.62521,7.389835]);
(Hsphere{5.8},1.014954[2.940505,25.88647,7.462266]);
(Hsphere{5.8},1.019226[2.990626,26.22176,7.549291]);
(Hsphere{5.8},1.024963[3.003246,26.45882,7.605314]);
(Hsphere{5.8},1.029236[2.979403,26.75426,7.66594]);
(Hsphere{5.8},1.034058[2.937602,26.95844,7.701432]);
(Hsphere{5.8},1.038757[2.870942,27.17599,7.732629]);
(Hsphere{5.8},1.043823[2.788774,27.37192,7.754483]);
(Hsphere{5.8},1.048584[2.682678,27.56779,7.770071]);
(Hsphere{5.8},1.053467[2.569468,27.73444,7.775287]);
(Hsphere{5.8},1.05835[2.440989,27.89039,7.773082]);
(Hsphere{5.8},1.063232[2.30397,28.03354,7.763081]);
(Hsphere{5.8},1.068176[2.162161,28.16306,7.743101]);
(Hsphere{5.8},1.073792[2.017442,28.2822,7.716677]);
(Hsphere{5.8},1.077942[1.851146,28.40604,7.676508]);
(Hsphere{5.8},1.082886[1.733086,28.48656,7.639552]);
(Hsphere{5.8},1.087769[1.598116,28.57517,7.592565]);
(Hsphere{5.8},1.092651[1.471679,28.65427,7.538372]);
(Hsphere{5.8},1.097534[1.358317,28.72269,7.477478]);
(Hsphere{5.8},1.102966[1.25496,28.78998,7.414862]);
(Hsphere{5.8},1.107361[1.153502,28.8641,7.336337]);
(Hsphere{5.8},1.112244[1.081378,28.92561,7.266123]);
(Hsphere{5.8},1.117126[1.006102,28.9983,7.184312]);
(Hsphere{5.8},1.12207[0.9353377,29.07247,7.097999]);
(Hsphere{5.8},1.127014[0.868162,29.1494,7.006524]);
(Hsphere{5.8},1.131836[0.8037035,29.23166,6.909386]);
(Hsphere{5.8},1.13678[0.7439944,29.31679,6.810409]);
(Hsphere{5.8},1.14209[0.6853133,29.40944,6.704097]);
(Hsphere{5.8},1.146545[0.6222336,29.51739,6.579938]);
(Hsphere{5.8},1.1521[0.569293,29.61243,6.46862]);
(Hsphere{5.8},1.156372[0.5023539,29.73511,6.320085]);
(Hsphere{5.8},1.162109[0.449425,29.83175,6.197909]);
(Hsphere{5.8},1.166138[0.3747734,29.96437,6.02076]);
(Hsphere{5.8},1.171082[0.3227773,30.05681,5.889843]);
(Hsphere{5.8},1.175964[0.2641881,30.16575,5.726601]);
(Hsphere{5.8},1.180969[0.2111053,30.27053,5.559231]);
(Hsphere{5.8},1.18573[0.1614887,30.37393,5.383992]);
(Hsphere{5.8},1.190857[0.1170624,30.46716,5.211014]);
(Hsphere{5.8},1.195557[0.07308289,30.55997,5.021302]);
(Hsphere{5.8},1.200806[0.03634255,30.63708,4.846399]);
(Hsphere{5.8},1.205811[-0.001022392,30.71481,4.649558]);
(Hsphere{5.8},1.210266[-0.03272919,30.78031,4.462982]);
}
