grabfrontr:1{
(Hsphere{3.4},0.5686646[6.595533,3.129183,-3.030781]);
(Hsphere{3.4},0.5733032[6.598784,2.96847,-2.834607]);
(Hsphere{3.4},0.5786743[6.595883,2.826204,-2.639645]);
(Hsphere{3.4},0.5831299[6.588111,2.668899,-2.395138]);
(Hsphere{3.4},0.5887451[6.578032,2.543452,-2.175754]);
(Hsphere{3.4},0.5928955[6.561458,2.393701,-1.879733]);
(Hsphere{3.4},0.5986328[6.546508,2.287963,-1.643383]);
(Hsphere{3.4},0.6027222[6.523062,2.155281,-1.305733]);
(Hsphere{3.4},0.607605[6.502601,2.068225,-1.053819]);
(Hsphere{3.4},0.6125488[6.473172,1.975113,-0.7492396]);
(Hsphere{3.4},0.6174316[6.438142,1.892891,-0.435718]);
(Hsphere{3.4},0.6223755[6.395983,1.817667,-0.09495934]);
(Hsphere{3.4},0.6273804[6.343053,1.747621,0.2747746]);
(Hsphere{3.4},0.6321411[6.27748,1.685492,0.6776158]);
(Hsphere{3.4},0.6370239[6.197614,1.6381,1.081885]);
(Hsphere{3.4},0.6419067[6.093713,1.601396,1.513894]);
(Hsphere{3.4},0.6468506[5.964764,1.576815,1.9546]);
(Hsphere{3.4},0.6518555[5.807458,1.562906,2.397849]);
(Hsphere{3.4},0.6566162[5.612647,1.555957,2.85214]);
(Hsphere{3.4},0.661499[5.393912,1.555598,3.28344]);
(Hsphere{3.4},0.6664429[5.136948,1.56143,3.719508]);
(Hsphere{3.4},0.6714478[4.849125,1.573173,4.142942]);
(Hsphere{3.4},0.6762085[4.528696,1.590353,4.557363]);
(Hsphere{3.4},0.6814575[4.204497,1.612482,4.925701]);
(Hsphere{3.4},0.6860352[3.830181,1.643507,5.298856]);
(Hsphere{3.4},0.690918[3.496363,1.669514,5.588435]);
(Hsphere{3.4},0.6958008[3.131259,1.693681,5.864526]);
(Hsphere{3.4},0.7014771[2.765075,1.713207,6.104657]);
(Hsphere{3.4},0.7064819[2.343636,1.729496,6.341887]);
(Hsphere{3.4},0.7105103[1.976441,1.739366,6.520923]);
(Hsphere{3.4},0.7154541[1.689466,1.746965,6.648029]);
(Hsphere{3.4},0.720459[1.350976,1.75539,6.78443]);
(Hsphere{3.4},0.7254639[1.0224,1.762732,6.903285]);
(Hsphere{3.4},0.7301636[0.7101216,1.768249,7.004433]);
(Hsphere{3.4},0.7350464[0.4323351,1.771003,7.08524]);
(Hsphere{3.4},0.7404175[0.163741,1.770587,7.155601]);
(Hsphere{3.4},0.7454224[-0.1122046,1.765283,7.220404]);
(Hsphere{3.4},0.7496948[-0.3449721,1.754875,7.269601]);
(Hsphere{3.4},0.7554321[-0.5262033,1.741,7.30475]);
(Hsphere{3.4},0.7595215[-0.7457935,1.719074,7.346688]);
(Hsphere{3.4},0.7653809[-0.8915814,1.703289,7.376205]);
(Hsphere{3.4},0.7694702[-1.086735,1.68186,7.417116]);
(Hsphere{3.4},0.774231[-1.220541,1.667257,7.448821]);
(Hsphere{3.4},0.7793579[-1.374291,1.650674,7.488602]);
(Hsphere{3.4},0.7839966[-1.542967,1.631521,7.528515]);
(Hsphere{3.4},0.7889404[-1.702778,1.612612,7.563941]);
(Hsphere{3.4},0.7938232[-1.876087,1.593143,7.594561]);
(Hsphere{3.4},0.7987061[-2.057149,1.574931,7.620839]);
(Hsphere{3.4},0.8036499[-2.244974,1.559754,7.639704]);
(Hsphere{3.4},0.8085327[-2.438788,1.54924,7.648625]);
(Hsphere{3.4},0.8134155[-2.640218,1.544306,7.648852]);
(Hsphere{3.4},0.8182983[-2.842683,1.548516,7.63521]);
(Hsphere{3.4},0.8233643[-3.044836,1.563565,7.613045]);
(Hsphere{3.4},0.828125[-3.250442,1.593357,7.577174]);
(Hsphere{3.4},0.8330078[-3.438157,1.635893,7.531986]);
(Hsphere{3.4},0.8383789[-3.626212,1.696132,7.474293]);
(Hsphere{3.4},0.8428345[-3.820522,1.781122,7.397892]);
(Hsphere{3.4},0.8477173[-3.967403,1.865155,7.324994]);
(Hsphere{3.4},0.8526001[-4.11536,1.973052,7.232827]);
(Hsphere{3.4},0.8577271[-4.244004,2.094211,7.131115]);
(Hsphere{3.4},0.8624268[-4.355685,2.231619,7.01743]);
(Hsphere{3.4},0.8673096[-4.435184,2.366533,6.908157]);
(Hsphere{3.4},0.8724976[-4.491319,2.510534,6.793679]);
(Hsphere{3.4},0.8771362[-4.529541,2.665534,6.673185]);
(Hsphere{3.4},0.882019[-4.543934,2.803652,6.565247]);
(Hsphere{3.4},0.8869019[-4.544676,2.946794,6.454167]);
(Hsphere{3.4},0.8920288[-4.530135,3.083964,6.346582]);
(Hsphere{3.4},0.8967285[-4.502016,3.219678,6.239246]);
(Hsphere{3.4},0.9017334[-4.469518,3.335984,6.147702]);
(Hsphere{3.4},0.9067383[-4.425608,3.451325,6.05459]);
(Hsphere{3.4},0.911438[-4.381177,3.5566,5.971708]);
(Hsphere{3.4},0.916748[-4.334229,3.645667,5.900476]);
}
