grabnapel:3{
(Hsphere{8.200001},0.9015808[-11.49837,36.31715,7.171806]);
(Hsphere{8.200001},0.9064636[-11.48286,36.48082,6.424901]);
(Hsphere{8.200001},0.9118347[-11.40372,36.65521,5.58434]);
(Hsphere{8.200001},0.9163818[-11.21563,36.85547,4.552879]);
(Hsphere{8.200001},0.9211731[-10.94001,37.03142,3.555833]);
(Hsphere{8.200001},0.9264526[-10.48869,37.21266,2.36684]);
(Hsphere{8.200001},0.9309692[-9.768154,37.37228,0.9324536]);
(Hsphere{8.200001},0.9364624[-8.997217,37.44009,-0.2806682]);
(Hsphere{8.200001},0.9407654[-7.917467,37.42642,-1.649138]);
(Hsphere{8.200001},0.9456787[-6.9447,37.34537,-2.667045]);
(Hsphere{8.200001},0.9514771[-5.819942,37.18196,-3.650922]);
(Hsphere{8.200001},0.9562988[-4.61017,36.93536,-4.517924]);
(Hsphere{8.200001},0.9603882[-3.695299,36.71326,-5.068177]);
(Hsphere{8.200001},0.9653015[-3.027052,36.53144,-5.414484]);
(Hsphere{8.200001},0.9701843[-2.415833,36.34938,-5.680476]);
(Hsphere{8.200001},0.9750671[-2.012573,36.22158,-5.821866]);
(Hsphere{8.200001},0.9801941[-1.77523,36.14493,-5.886748]);
(Hsphere{8.200001},0.9851685[-1.664823,36.11199,-5.903861]);
(Hsphere{8.200001},0.9897766[-1.640463,36.109,-5.889491]);
(Hsphere{8.200001},0.9951172[-1.653081,36.11956,-5.865901]);
}
