grab_head_front_l:5{
(Hsphere{13},1.126587[-11.05098,49.29764,20.55497]);
(Hsphere{13},1.131287[-10.74763,49.49728,20.45407]);
(Hsphere{13},1.136169[-10.47272,49.68234,20.35574]);
(Hsphere{13},1.141113[-10.19209,49.87571,20.24841]);
(Hsphere{13},1.145996[-9.917335,50.06974,20.13635]);
(Hsphere{13},1.150879[-9.648567,50.26443,20.01985]);
(Hsphere{13},1.155823[-9.385921,50.45981,19.89918]);
(Hsphere{13},1.160706[-9.129488,50.65588,19.77468]);
(Hsphere{13},1.165588[-8.879382,50.85266,19.64663]);
(Hsphere{13},1.170471[-8.635698,51.05017,19.51538]);
(Hsphere{13},1.175415[-8.398512,51.24843,19.3812]);
(Hsphere{13},1.180298[-8.167889,51.44744,19.24443]);
(Hsphere{13},1.185303[-7.943907,51.6473,19.10537]);
(Hsphere{13},1.190125[-7.722922,51.85147,18.96187]);
(Hsphere{13},1.195313[-7.516901,52.05029,18.82067]);
(Hsphere{13},1.19989[-7.303634,52.26711,18.66506]);
(Hsphere{13},1.205322[-7.122068,52.46123,18.52477]);
(Hsphere{13},1.209717[-6.917861,52.69088,18.35834]);
(Hsphere{13},1.2146[-6.758218,52.87955,18.22186]);
(Hsphere{13},1.219482[-6.58729,53.09095,18.06968]);
(Hsphere{13},1.224426[-6.423196,53.30349,17.9179]);
(Hsphere{13},1.22937[-6.265497,53.51683,17.76715]);
(Hsphere{13},1.234375[-6.111868,53.73339,17.61624]);
(Hsphere{13},1.239563[-5.962561,53.95203,17.46647]);
(Hsphere{13},1.244019[-5.812467,54.17975,17.31386]);
(Hsphere{13},1.249573[-5.690377,54.37277,17.18779]);
(Hsphere{13},1.253784[-5.544681,54.6232,17.03753]);
(Hsphere{13},1.258728[-5.443472,54.82064,16.93503]);
(Hsphere{13},1.263611[-5.337945,55.06349,16.83197]);
(Hsphere{13},1.268494[-5.250377,55.32499,16.74962]);
(Hsphere{13},1.273376[-5.186725,55.60994,16.69086]);
(Hsphere{13},1.278442[-5.149086,55.92325,16.65989]);
(Hsphere{13},1.283203[-5.140175,56.2815,16.65951]);
(Hsphere{13},1.288452[-5.164424,56.64951,16.68353]);
(Hsphere{13},1.293213[-5.225344,57.10793,16.75293]);
(Hsphere{13},1.297913[-5.312567,57.5721,16.85648]);
(Hsphere{13},1.302795[-5.430322,58.07558,16.99292]);
(Hsphere{13},1.307678[-5.588342,58.64417,17.1589]);
(Hsphere{13},1.312622[-5.770002,59.24586,17.34579]);
(Hsphere{13},1.317566[-5.965542,59.87278,17.54794]);
(Hsphere{13},1.322571[-6.169802,60.52649,17.76211]);
(Hsphere{13},1.327271[-6.381204,61.19733,17.9746]);
(Hsphere{13},1.332275[-6.578897,61.83397,18.16716]);
(Hsphere{13},1.337097[-6.777715,62.50368,18.35944]);
(Hsphere{13},1.342285[-6.949335,63.13207,18.52985]);
(Hsphere{13},1.346924[-7.104825,63.79053,18.69765]);
(Hsphere{13},1.352356[-7.206742,64.34093,18.82947]);
(Hsphere{13},1.356689[-7.275033,64.94926,18.9665]);
(Hsphere{13},1.362122[-7.290701,65.40907,19.06706]);
(Hsphere{13},1.366516[-7.277483,65.942,19.17245]);
(Hsphere{13},1.372131[-7.246336,66.33959,19.2411]);
(Hsphere{13},1.376282[-7.185206,66.81458,19.30836]);
(Hsphere{13},1.381226[-7.108375,67.15213,19.34681]);
(Hsphere{13},1.38623[-6.979791,67.54011,19.38236]);
(Hsphere{13},1.390991[-6.811074,67.9281,19.40882]);
(Hsphere{13},1.395996[-6.626671,68.28046,19.42337]);
(Hsphere{13},1.401306[-6.413616,68.63682,19.42826]);
(Hsphere{13},1.405701[-6.174128,68.99821,19.42551]);
(Hsphere{13},1.410583[-5.972776,69.28313,19.41816]);
(Hsphere{13},1.415527[-5.745523,69.58578,19.40412]);
(Hsphere{13},1.42041[-5.499632,69.87195,19.37877]);
(Hsphere{13},1.425293[-5.237755,70.14104,19.34208]);
(Hsphere{13},1.430176[-4.964491,70.39249,19.29462]);
(Hsphere{13},1.43512[-4.68257,70.63168,19.2438]);
(Hsphere{13},1.440125[-4.397165,70.85387,19.18457]);
(Hsphere{13},1.445068[-4.109689,71.0603,19.11597]);
(Hsphere{13},1.450134[-3.832887,71.24591,19.04278]);
(Hsphere{13},1.454712[-3.564259,71.42703,18.96882]);
(Hsphere{13},1.460083[-3.344195,71.57638,18.89229]);
(Hsphere{13},1.4646[-3.11474,71.73581,18.79211]);
(Hsphere{13},1.469421[-2.950831,71.85671,18.70751]);
(Hsphere{13},1.474304[-2.78544,71.98407,18.61535]);
(Hsphere{13},1.479309[-2.624531,72.10759,18.50929]);
(Hsphere{13},1.48407[-2.461335,72.2312,18.38516]);
(Hsphere{13},1.489197[-2.306796,72.35072,18.25774]);
(Hsphere{13},1.493896[-2.15741,72.48035,18.12261]);
(Hsphere{13},1.499207[-2.033053,72.60045,17.99691]);
(Hsphere{13},1.503723[-1.903002,72.73872,17.85266]);
(Hsphere{13},1.509216[-1.801789,72.86004,17.72701]);
(Hsphere{13},1.513489[-1.695916,73.01817,17.56456]);
(Hsphere{13},1.518372[-1.624848,73.14891,17.4312]);
(Hsphere{13},1.523315[-1.551301,73.3093,17.26814]);
(Hsphere{13},1.528198[-1.482127,73.48216,17.09159]);
(Hsphere{13},1.533203[-1.413201,73.66734,16.89913]);
(Hsphere{13},1.538025[-1.339259,73.86795,16.68472]);
(Hsphere{13},1.542908[-1.261045,74.07172,16.45899]);
(Hsphere{13},1.547791[-1.180079,74.28579,16.21254]);
(Hsphere{13},1.552673[-1.101244,74.50307,15.95166]);
(Hsphere{13},1.557617[-1.024031,74.72167,15.67664]);
(Hsphere{13},1.5625[-0.947937,74.94178,15.38801]);
(Hsphere{13},1.567383[-0.8724452,75.16216,15.08639]);
(Hsphere{13},1.572327[-0.7970499,75.37809,14.77248]);
(Hsphere{13},1.577209[-0.7212348,75.588,14.44732]);
(Hsphere{13},1.582153[-0.6444835,75.79034,14.11201]);
(Hsphere{13},1.586975[-0.5655079,75.98564,13.7647]);
(Hsphere{13},1.592224[-0.4859874,76.16742,13.4166]);
(Hsphere{13},1.596802[-0.3973587,76.35145,13.03498]);
(Hsphere{13},1.602478[-0.3198388,76.50035,12.69967]);
(Hsphere{13},1.606628[-0.2284324,76.669,12.28299]);
(Hsphere{13},1.611511[-0.1659682,76.77989,11.98256]);
(Hsphere{13},1.616394[-0.09608276,76.8997,11.62835]);
(Hsphere{13},1.621277[-0.03127141,77.00675,11.27892]);
}
