grabnapel:1{
(Hsphere{3.4},0.7006226[-3.829252,12.14185,2.517303]);
(Hsphere{3.4},0.7055054[-3.831503,12.20554,2.234392]);
(Hsphere{3.4},0.7105713[-3.803849,12.27961,1.881375]);
(Hsphere{3.4},0.7155762[-3.725643,12.36039,1.463423]);
(Hsphere{3.4},0.7202148[-3.571513,12.44293,0.972521]);
(Hsphere{3.4},0.7250977[-3.328256,12.51067,0.4416345]);
(Hsphere{3.4},0.7305908[-2.978284,12.54595,-0.1228867]);
(Hsphere{3.4},0.7349243[-2.501003,12.53164,-0.7013582]);
(Hsphere{3.4},0.7406006[-2.07353,12.48131,-1.107279]);
(Hsphere{3.4},0.7446899[-1.557106,12.38162,-1.492678]);
(Hsphere{3.4},0.7496338[-1.219719,12.29986,-1.696043]);
(Hsphere{3.4},0.7546387[-0.8999091,12.21048,-1.854993]);
(Hsphere{3.4},0.7593994[-0.692802,12.14617,-1.933648]);
(Hsphere{3.4},0.7645874[-0.5884967,12.11252,-1.962965]);
(Hsphere{3.4},0.7692261[-0.5496542,12.10137,-1.96708]);
(Hsphere{3.4},0.7741089[-0.5487512,12.10342,-1.958461]);
}
