grabfrontr:5{
(Hsphere{13},0.8570557[32.99107,14.85332,-14.6782]);
(Hsphere{13},0.8622437[32.99324,14.35335,-14.04587]);
(Hsphere{13},0.8668823[32.98225,13.82782,-13.32553]);
(Hsphere{13},0.8722534[32.96461,13.37105,-12.64497]);
(Hsphere{13},0.8766785[32.93356,12.8516,-11.80604]);
(Hsphere{13},0.8822632[32.90041,12.43777,-11.0833]);
(Hsphere{13},0.8864746[32.84947,11.92955,-10.12093]);
(Hsphere{13},0.8922729[32.80552,11.56324,-9.36932]);
(Hsphere{13},0.8962708[32.73711,11.07794,-8.286394]);
(Hsphere{13},0.9012756[32.68505,10.75889,-7.511606]);
(Hsphere{13},0.9060669[32.61413,10.3793,-6.513018]);
(Hsphere{13},0.9112854[32.53646,10.03952,-5.540394]);
(Hsphere{13},0.915863[32.43889,9.696609,-4.467523]);
(Hsphere{13},0.9212036[32.34148,9.419979,-3.518278]);
(Hsphere{13},0.9262085[32.21478,9.123785,-2.387561]);
(Hsphere{13},0.9305725[32.08062,8.862206,-1.258506]);
(Hsphere{13},0.9360962[31.94592,8.646283,-0.2231227]);
(Hsphere{13},0.9403687[31.74818,8.386667,1.149209]);
(Hsphere{13},0.945282[31.57738,8.19861,2.267909]);
(Hsphere{13},0.9511108[31.34882,8.007745,3.601439]);
(Hsphere{13},0.9551086[31.02211,7.815194,5.251595]);
(Hsphere{13},0.9599609[30.7591,7.705278,6.414404]);
(Hsphere{13},0.9648743[30.39408,7.596709,7.847161]);
(Hsphere{13},0.9701233[29.96965,7.513532,9.310624]);
(Hsphere{13},0.9746704[29.44937,7.452488,10.88198]);
(Hsphere{13},0.9801331[28.93354,7.417356,12.25202]);
(Hsphere{13},0.9844666[28.23142,7.391659,13.89637]);
(Hsphere{13},0.9901428[27.60816,7.383902,15.19935]);
(Hsphere{13},0.9942627[26.70467,7.390275,16.89362]);
(Hsphere{13},0.999176[25.98622,7.40658,18.11375]);
(Hsphere{13},1.004059[25.06897,7.438065,19.53991]);
(Hsphere{13},1.009674[24.08688,7.482221,20.93112]);
(Hsphere{13},1.013855[22.90186,7.544991,22.47055]);
(Hsphere{13},1.019684[21.97781,7.602793,23.57151]);
(Hsphere{13},1.023682[20.64172,7.700594,25.02912]);
(Hsphere{13},1.028687[19.69454,7.780106,25.97933]);
(Hsphere{13},1.033478[18.48799,7.879861,27.09244]);
(Hsphere{13},1.038696[17.31866,7.96788,28.07372]);
(Hsphere{13},1.043274[16.02375,8.05456,29.06032]);
(Hsphere{13},1.048706[14.88972,8.120723,29.84623]);
(Hsphere{13},1.05307[13.53984,8.18768,30.69559]);
(Hsphere{13},1.058716[12.46362,8.231249,31.3118]);
(Hsphere{13},1.062866[11.07141,8.273966,32.03636]);
(Hsphere{13},1.06778[10.064,8.300565,32.52023]);
(Hsphere{13},1.072662[8.897613,8.3316,33.04648]);
(Hsphere{13},1.077667[7.759039,8.361064,33.52615]);
(Hsphere{13},1.082458[6.628385,8.388517,33.97024]);
(Hsphere{13},1.087677[5.573928,8.412477,34.35592]);
(Hsphere{13},1.092255[4.470946,8.434718,34.73085]);
(Hsphere{13},1.097687[3.528296,8.45015,35.02898]);
(Hsphere{13},1.102081[2.464179,8.461742,35.34175]);
(Hsphere{13},1.107697[1.635023,8.464963,35.5686]);
(Hsphere{13},1.111877[0.6212574,8.459489,35.82664]);
(Hsphere{13},1.117188[-0.09241194,8.447504,35.99605]);
(Hsphere{13},1.121674[-0.9566962,8.421024,36.18835]);
(Hsphere{13},1.127197[-1.639442,8.388007,36.33075]);
(Hsphere{13},1.13147[-2.427974,8.331941,36.4855]);
(Hsphere{13},1.137238[-2.9938,8.27849,36.5919]);
(Hsphere{13},1.141266[-3.718644,8.205029,36.73141]);
(Hsphere{13},1.14621[-4.203061,8.153231,36.8284]);
(Hsphere{13},1.151062[-4.770284,8.089504,36.94732]);
(Hsphere{13},1.156189[-5.302813,8.032096,37.05683]);
(Hsphere{13},1.160858[-5.860085,7.971365,37.18441]);
(Hsphere{13},1.166168[-6.366251,7.916193,37.31168]);
(Hsphere{13},1.170654[-6.9332,7.855272,37.45795]);
(Hsphere{13},1.176178[-7.417259,7.800866,37.57339]);
(Hsphere{13},1.180481[-8.033437,7.728541,37.71481]);
(Hsphere{13},1.185364[-8.527753,7.670012,37.82265]);
(Hsphere{13},1.190277[-9.099987,7.604911,37.92698]);
(Hsphere{13},1.19516[-9.687483,7.541956,38.0203]);
(Hsphere{13},1.200073[-10.29379,7.482502,38.10523]);
(Hsphere{13},1.204956[-10.91666,7.42931,38.17628]);
(Hsphere{13},1.209869[-11.54707,7.386974,38.21769]);
(Hsphere{13},1.215057[-12.19524,7.354725,38.24316]);
(Hsphere{13},1.220062[-12.90191,7.333896,38.24967]);
(Hsphere{13},1.225067[-13.59027,7.332421,38.22279]);
(Hsphere{13},1.229462[-14.27738,7.354199,38.17035]);
(Hsphere{13},1.234375[-14.87934,7.393988,38.10815]);
(Hsphere{13},1.239258[-15.5482,7.463815,38.01979]);
(Hsphere{13},1.244171[-16.20586,7.566847,37.8956]);
(Hsphere{13},1.249054[-16.85438,7.702664,37.74746]);
(Hsphere{13},1.254639[-17.49092,7.873696,37.57518]);
(Hsphere{13},1.258881[-18.19608,8.113794,37.34883]);
(Hsphere{13},1.263763[-18.70988,8.326645,37.15584]);
(Hsphere{13},1.268677[-19.2791,8.606338,36.90868]);
(Hsphere{13},1.27356[-19.81502,8.920286,36.63705]);
(Hsphere{13},1.278534[-20.31779,9.269202,36.3379]);
(Hsphere{13},1.283356[-20.78531,9.653366,36.01264]);
(Hsphere{13},1.288269[-21.19892,10.05705,35.67442]);
(Hsphere{13},1.293335[-21.57159,10.49012,35.31425]);
(Hsphere{13},1.298065[-21.90719,10.96002,34.92949]);
(Hsphere{13},1.303345[-22.16093,11.41066,34.56535]);
(Hsphere{13},1.307861[-22.37805,11.92429,34.15519]);
(Hsphere{13},1.312775[-22.52014,12.36978,33.80637]);
(Hsphere{13},1.317719[-22.63379,12.8576,33.42715]);
(Hsphere{13},1.322571[-22.70147,13.34987,33.04326]);
(Hsphere{13},1.327728[-22.72412,13.82807,32.66791]);
(Hsphere{13},1.332367[-22.7241,14.32643,32.28336]);
(Hsphere{13},1.33728[-22.68863,14.76251,31.94277]);
(Hsphere{13},1.342163[-22.61805,15.20806,31.59011]);
(Hsphere{13},1.347076[-22.52567,15.63729,31.2504]);
(Hsphere{13},1.351959[-22.42153,16.04903,30.92824]);
(Hsphere{13},1.357147[-22.29496,16.44189,30.61592]);
(Hsphere{13},1.361755[-22.14049,16.83625,30.29665]);
(Hsphere{13},1.367157[-22.00671,17.16673,30.03607]);
(Hsphere{13},1.371582[-21.83954,17.52741,29.75053]);
(Hsphere{13},1.377167[-21.69158,17.80176,29.53071]);
}
