grabnaper:3{
(Hsphere{8.200001},0.9457397[11.48252,36.36229,7.192667]);
(Hsphere{8.200001},0.9506836[11.47134,36.52382,6.443443]);
(Hsphere{8.200001},0.9555054[11.39965,36.69787,5.628109]);
(Hsphere{8.200001},0.9605103[11.2508,36.88518,4.756773]);
(Hsphere{8.200001},0.965332[10.98501,37.10106,3.749422]);
(Hsphere{8.200001},0.9703369[10.58435,37.32653,2.659301]);
(Hsphere{8.200001},0.9753418[9.969063,37.56268,1.389485]);
(Hsphere{8.200001},0.9800415[9.169343,37.7495,0.08854391]);
(Hsphere{8.200001},0.9849243[8.302741,37.84908,-1.058838]);
(Hsphere{8.200001},0.9898071[7.260061,37.88467,-2.197356]);
(Hsphere{8.200001},0.994812[6.121432,37.8418,-3.232992]);
(Hsphere{8.200001},0.9996338[5.006743,37.7229,-4.07904]);
(Hsphere{8.200001},1.004639[4.007221,37.56192,-4.720417]);
(Hsphere{8.200001},1.009399[3.063439,37.37471,-5.239456]);
(Hsphere{8.200001},1.014404[2.332881,37.20586,-5.578996]);
(Hsphere{8.200001},1.019714[1.825083,37.07661,-5.764834]);
(Hsphere{8.200001},1.024719[1.545877,37.0055,-5.829054]);
(Hsphere{8.200001},1.029053[1.47824,36.99709,-5.807225]);
(Hsphere{8.200001},1.033936[1.536239,37.02778,-5.744478]);
(Hsphere{8.200001},1.038818[1.683444,37.08814,-5.638623]);
(Hsphere{8.200001},1.043701[1.872965,37.16234,-5.514153]);
}
