grabbackl:10{
(Hsphere{25},1.014038[-68.0271,49.99303,6.981547]);
(Hsphere{25},1.018921[-68.75672,50.16667,4.999753]);
(Hsphere{25},1.023804[-69.43231,50.22313,2.833153]);
(Hsphere{25},1.028687[-70.03637,50.12026,0.4483398]);
(Hsphere{25},1.033569[-70.51984,49.77498,-2.264909]);
(Hsphere{25},1.038574[-70.82536,49.11949,-5.384799]);
(Hsphere{25},1.043457[-70.86785,48.08079,-8.986177]);
(Hsphere{25},1.04834[-70.53212,46.59348,-13.11753]);
(Hsphere{25},1.054077[-69.69034,44.63153,-17.72542]);
(Hsphere{25},1.058838[-67.87232,41.70174,-23.61848]);
(Hsphere{25},1.063843[-65.59427,38.83296,-28.65542]);
(Hsphere{25},1.067871[-62.36148,35.46408,-33.96311]);
(Hsphere{25},1.072876[-59.08953,32.54163,-38.14049]);
(Hsphere{25},1.077759[-54.56995,29.02296,-42.70127]);
(Hsphere{25},1.082764[-49.48262,25.57041,-46.69491]);
(Hsphere{25},1.087524[-43.72061,22.15103,-50.17036]);
(Hsphere{25},1.092896[-38.17012,19.25003,-52.71721]);
(Hsphere{25},1.09729[-31.90607,16.36501,-54.83599]);
(Hsphere{25},1.102905[-26.83757,14.31173,-56.02318]);
(Hsphere{25},1.107178[-21.1564,12.26634,-56.9181]);
(Hsphere{25},1.112061[-17.34734,11.03279,-57.31131]);
(Hsphere{25},1.116943[-13.80347,9.968394,-57.59298]);
(Hsphere{25},1.121948[-11.04762,9.178093,-57.80399]);
(Hsphere{25},1.126953[-8.883989,8.562545,-58.01012]);
(Hsphere{25},1.131592[-7.303309,8.093736,-58.24714]);
(Hsphere{25},1.136597[-6.267412,7.753586,-58.51328]);
(Hsphere{25},1.141479[-5.552674,7.472712,-58.84258]);
(Hsphere{25},1.146362[-5.142613,7.255933,-59.20964]);
(Hsphere{25},1.151245[-4.941741,7.086072,-59.6068]);
(Hsphere{25},1.156128[-4.863603,6.954784,-60.01696]);
(Hsphere{25},1.161011[-4.810442,6.854202,-60.42775]);
(Hsphere{25},1.165894[-4.692482,6.777243,-60.82238]);
(Hsphere{25},1.170776[-4.420139,6.717495,-61.18334]);
(Hsphere{25},1.176025[-4.007635,6.67505,-61.50494]);
(Hsphere{25},1.180664[-3.575599,6.657774,-61.82368]);
(Hsphere{25},1.185913[-3.213292,6.666039,-62.07975]);
(Hsphere{25},1.190552[-2.810405,6.701515,-62.35306]);
(Hsphere{25},1.196045[-2.464355,6.755817,-62.57856]);
(Hsphere{25},1.200195[-2.066381,6.847864,-62.82791]);
(Hsphere{25},1.205444[-1.780493,6.935143,-63.00072]);
(Hsphere{25},1.210083[-1.438381,7.065003,-63.20108]);
(Hsphere{25},1.215576[-1.142517,7.201442,-63.36904]);
(Hsphere{25},1.219849[-0.803425,7.38809,-63.55609]);
(Hsphere{25},1.225342[-0.5556027,7.546773,-63.68954]);
(Hsphere{25},1.229614[-0.2442213,7.775531,-63.85402]);
(Hsphere{25},1.234497[-0.01813897,7.96408,-63.97177]);
(Hsphere{25},1.239624[0.232594,8.197452,-64.10139]);
(Hsphere{25},1.244385[0.4808864,8.456131,-64.22959]);
(Hsphere{25},1.249634[0.6942642,8.713943,-64.34232]);
(Hsphere{25},1.25415[0.9200252,9.021956,-64.46204]);
(Hsphere{25},1.259644[1.101047,9.295448,-64.55821]);
(Hsphere{25},1.263916[1.310114,9.645,-64.67028]);
(Hsphere{25},1.269653[1.463148,9.927074,-64.75368]);
(Hsphere{25},1.273682[1.654543,10.31616,-64.86074]);
(Hsphere{25},1.278687[1.782043,10.60139,-64.93468]);
(Hsphere{25},1.283569[1.925636,10.95223,-65.02161]);
(Hsphere{25},1.288452[2.058812,11.31089,-65.10719]);
(Hsphere{25},1.293457[2.183121,11.68122,-65.19324]);
(Hsphere{25},1.298218[2.297187,12.05878,-65.27975]);
(Hsphere{25},1.303223[2.396203,12.42447,-65.3633]);
(Hsphere{25},1.307983[2.48898,12.80976,-65.4521]);
(Hsphere{25},1.312988[2.569202,13.18853,-65.54118]);
(Hsphere{25},1.317871[2.640007,13.57484,-65.63485]);
(Hsphere{25},1.322754[2.70014,13.96138,-65.73131]);
(Hsphere{25},1.327637[2.751875,14.35673,-65.82858]);
(Hsphere{25},1.33252[2.79424,14.74873,-65.92326]);
(Hsphere{25},1.337402[2.82898,15.14881,-66.01817]);
(Hsphere{25},1.342285[2.856016,15.55302,-66.1123]);
(Hsphere{25},1.347168[2.875684,15.96124,-66.20564]);
(Hsphere{25},1.352173[2.888334,16.37339,-66.29815]);
(Hsphere{25},1.357056[2.894342,16.7893,-66.38976]);
(Hsphere{25},1.361938[2.894022,17.20885,-66.48046]);
(Hsphere{25},1.366821[2.887728,17.63195,-66.57021]);
(Hsphere{25},1.371704[2.875752,18.05845,-66.65895]);
(Hsphere{25},1.377075[2.858423,18.48826,-66.74664]);
(Hsphere{25},1.38147[2.833766,18.96133,-66.84119]);
(Hsphere{25},1.386475[2.808959,19.35711,-66.91872]);
(Hsphere{25},1.391357[2.777377,19.79594,-67.00301]);
(Hsphere{25},1.397095[2.741621,20.2375,-67.08606]);
(Hsphere{25},1.401123[2.694635,20.75914,-67.18191]);
(Hsphere{25},1.406372[2.65858,21.12825,-67.24828]);
(Hsphere{25},1.410889[2.608936,21.60419,-67.33207]);
(Hsphere{25},1.416138[2.561929,22.0282,-67.40501]);
(Hsphere{25},1.420776[2.506267,22.50468,-67.48507]);
(Hsphere{25},1.426147[2.453494,22.93612,-67.55584]);
(Hsphere{25},1.430542[2.388666,23.44448,-67.63712]);
(Hsphere{25},1.436279[2.334993,23.85078,-67.70046]);
(Hsphere{25},1.440308[2.26219,24.38456,-67.7814]);
(Hsphere{25},1.44519[2.208004,24.77077,-67.83838]);
(Hsphere{25},1.450195[2.141779,25.23234,-67.90476]);
(Hsphere{25},1.455078[2.073436,25.69805,-67.96976]);
}
