grabbackr:10{
(Hsphere{25},1.01416[68.17404,49.82518,6.376061]);
(Hsphere{25},1.019043[68.84068,50.00656,4.487937]);
(Hsphere{25},1.023926[69.4819,50.09386,2.361511]);
(Hsphere{25},1.028931[70.05114,50.01923,-0.01063246]);
(Hsphere{25},1.034424[70.50455,49.71101,-2.691891]);
(Hsphere{25},1.038696[70.80653,48.98162,-6.227899]);
(Hsphere{25},1.043579[70.8101,48.10294,-9.277257]);
(Hsphere{25},1.048462[70.47183,46.66061,-13.29436]);
(Hsphere{25},1.053345[69.65453,44.74609,-17.75956]);
(Hsphere{25},1.05835[68.23631,42.34769,-22.58427]);
(Hsphere{25},1.063843[66.09775,39.47239,-27.65033]);
(Hsphere{25},1.068115[62.74408,35.7813,-33.41347]);
(Hsphere{25},1.072998[59.57217,32.81232,-37.59774]);
(Hsphere{25},1.077881[55.25508,29.29236,-42.11883]);
(Hsphere{25},1.082886[50.35774,25.81581,-46.13606]);
(Hsphere{25},1.087769[44.94854,22.45306,-49.56938]);
(Hsphere{25},1.092529[39.23354,19.33296,-52.33559]);
(Hsphere{25},1.097778[33.69978,16.67031,-54.34502]);
(Hsphere{25},1.102417[27.82173,14.18575,-55.88856]);
(Hsphere{25},1.107788[23.06058,12.41548,-56.76774]);
(Hsphere{25},1.112183[18.08251,10.7893,-57.40955]);
(Hsphere{25},1.117798[14.78679,9.842854,-57.73311]);
(Hsphere{25},1.121948[11.36565,8.965256,-58.00683]);
(Hsphere{25},1.126831[9.351485,8.485509,-58.18303]);
(Hsphere{25},1.131836[7.470981,8.05549,-58.40416]);
(Hsphere{25},1.136719[6.057309,7.735001,-58.66274]);
(Hsphere{25},1.141602[5.03939,7.494603,-58.96807]);
(Hsphere{25},1.146484[4.345541,7.312926,-59.31877]);
(Hsphere{25},1.151611[3.903311,7.174305,-59.70654]);
(Hsphere{25},1.15625[3.63431,7.064282,-60.13459]);
(Hsphere{25},1.161133[3.495046,6.987767,-60.53643]);
(Hsphere{25},1.166626[3.389376,6.927515,-60.94618]);
(Hsphere{25},1.171021[3.230063,6.877055,-61.37003]);
(Hsphere{25},1.175903[3.071536,6.863927,-61.69605]);
(Hsphere{25},1.180786[2.9255,6.900812,-62.05415]);
(Hsphere{25},1.185669[2.793398,6.984814,-62.39608]);
(Hsphere{25},1.191162[2.65591,7.108465,-62.71143]);
(Hsphere{25},1.195435[2.505067,7.289033,-63.03429]);
(Hsphere{25},1.200439[2.397134,7.463885,-63.27478]);
(Hsphere{25},1.205322[2.286355,7.692905,-63.53102]);
(Hsphere{25},1.210449[2.196297,7.963913,-63.77179]);
(Hsphere{25},1.215088[2.135334,8.305139,-64.00893]);
(Hsphere{25},1.220215[2.089915,8.637285,-64.20871]);
(Hsphere{25},1.224854[2.049366,9.032665,-64.41698]);
(Hsphere{25},1.22998[2.021494,9.411274,-64.59323]);
(Hsphere{25},1.234741[2.000092,9.848442,-64.77464]);
(Hsphere{25},1.239624[1.988606,10.26797,-64.93092]);
(Hsphere{25},1.244507[1.984789,10.72148,-65.08389]);
(Hsphere{25},1.24939[1.989132,11.18862,-65.22711]);
(Hsphere{25},1.254395[2.001481,11.66694,-65.36128]);
(Hsphere{25},1.259155[2.022589,12.17089,-65.49124]);
(Hsphere{25},1.264038[2.049963,12.64723,-65.60508]);
(Hsphere{25},1.269775[2.086216,13.14415,-65.71609]);
(Hsphere{25},1.273926[2.138621,13.72299,-65.83723]);
(Hsphere{25},1.278809[2.183479,14.13864,-65.91988]);
(Hsphere{25},1.283691[2.245154,14.63135,-66.01422]);
(Hsphere{25},1.288818[2.315964,15.11656,-66.10429]);
(Hsphere{25},1.293457[2.400216,15.61259,-66.19476]);
(Hsphere{25},1.298828[2.48758,16.05678,-66.27544]);
(Hsphere{25},1.303223[2.597502,16.54417,-66.36456]);
(Hsphere{25},1.308838[2.693449,16.95002,-66.43696]);
(Hsphere{25},1.31311[2.812351,17.44245,-66.52203]);
(Hsphere{25},1.317993[2.905031,17.82159,-66.58553]);
(Hsphere{25},1.32373[3.010338,18.25088,-66.65537]);
(Hsphere{25},1.327759[3.13164,18.74781,-66.73369]);
(Hsphere{25},1.332764[3.216464,19.09998,-66.78764]);
(Hsphere{25},1.337524[3.317568,19.52837,-66.85161]);
(Hsphere{25},1.342773[3.410296,19.93371,-66.91064]);
(Hsphere{25},1.347412[3.507142,20.37532,-66.97339]);
(Hsphere{25},1.352783[3.587034,20.75937,-67.02679]);
(Hsphere{25},1.357544[3.675561,21.21464,-67.08887]);
(Hsphere{25},1.362061[3.746486,21.61178,-67.14206]);
(Hsphere{25},1.367554[3.807171,21.98537,-67.19146]);
(Hsphere{25},1.371826[3.872549,22.44225,-67.25116]);
(Hsphere{25},1.376831[3.916414,22.79757,-67.29714]);
(Hsphere{25},1.381714[3.964123,23.20805,-67.34912]);
(Hsphere{25},1.386841[4.008455,23.60499,-67.39802]);
(Hsphere{25},1.391479[4.053864,24.0303,-67.44886]);
(Hsphere{25},1.396851[4.091024,24.40705,-67.49203]);
(Hsphere{25},1.401245[4.131145,24.84733,-67.54027]);
(Hsphere{25},1.40686[4.16195,25.20511,-67.57793]);
(Hsphere{25},1.411133[4.198863,25.66155,-67.62393]);
(Hsphere{25},1.41687[4.224612,26.00205,-67.65672]);
(Hsphere{25},1.420898[4.257868,26.47621,-67.70009]);
(Hsphere{25},1.425781[4.278947,26.80236,-67.72833]);
(Hsphere{25},1.430664[4.302574,27.19918,-67.76086]);
(Hsphere{25},1.435913[4.32383,27.59859,-67.79202]);
(Hsphere{25},1.44043[4.343161,28.02099,-67.82378]);
(Hsphere{25},1.445923[4.35739,28.39072,-67.85054]);
(Hsphere{25},1.450317[4.37077,28.8263,-67.88088]);
(Hsphere{25},1.455566[4.37887,29.17593,-67.90428]);
}
