grabbackl:6{
(Hsphere{15.4},1.014282[-40.84584,30.0433,4.113328]);
(Hsphere{15.4},1.019226[-41.28181,30.14389,2.918147]);
(Hsphere{15.4},1.024719[-41.6849,30.17266,1.611097]);
(Hsphere{15.4},1.028992[-42.08466,30.08369,-0.03007166]);
(Hsphere{15.4},1.033875[-42.3277,29.88443,-1.474081]);
(Hsphere{15.4},1.038818[-42.50241,29.47739,-3.363659]);
(Hsphere{15.4},1.043701[-42.51525,28.83744,-5.545079]);
(Hsphere{15.4},1.048706[-42.29625,27.92669,-8.044097]);
(Hsphere{15.4},1.054138[-41.7566,26.70815,-10.87399]);
(Hsphere{15.4},1.058411[-40.69191,25.01622,-14.25287]);
(Hsphere{15.4},1.063293[-39.47301,23.47335,-16.9687]);
(Hsphere{15.4},1.068176[-37.61289,21.50646,-20.0944]);
(Hsphere{15.4},1.07312[-35.28732,19.4254,-23.07333]);
(Hsphere{15.4},1.078064[-32.55105,17.31486,-25.78935]);
(Hsphere{15.4},1.082886[-29.45028,15.23018,-28.18056]);
(Hsphere{15.4},1.087769[-26.14357,13.28055,-30.14856]);
(Hsphere{15.4},1.092712[-22.67227,11.47655,-31.72096]);
(Hsphere{15.4},1.097595[-19.20472,9.884295,-32.88477]);
(Hsphere{15.4},1.102478[-15.89195,8.545806,-33.65459]);
(Hsphere{15.4},1.107422[-12.86506,7.456954,-34.12964]);
(Hsphere{15.4},1.112427[-10.25152,6.610214,-34.40026]);
(Hsphere{15.4},1.117188[-8.108483,5.969687,-34.56897]);
(Hsphere{15.4},1.122437[-6.533731,5.519099,-34.69017]);
(Hsphere{15.4},1.127014[-5.210286,5.142005,-34.82047]);
(Hsphere{15.4},1.132446[-4.366544,4.890595,-34.95135]);
(Hsphere{15.4},1.13678[-3.668777,4.658216,-35.14093]);
(Hsphere{15.4},1.142456[-3.312213,4.513959,-35.31822]);
(Hsphere{15.4},1.146606[-3.049709,4.367849,-35.57743]);
(Hsphere{15.4},1.151489[-2.96032,4.284938,-35.78012]);
(Hsphere{15.4},1.156372[-2.916191,4.20751,-36.02647]);
(Hsphere{15.4},1.161316[-2.883394,4.148227,-36.27263]);
(Hsphere{15.4},1.166199[-2.808183,4.10286,-36.5084]);
(Hsphere{15.4},1.171265[-2.636775,4.067544,-36.72327]);
(Hsphere{15.4},1.176147[-2.380735,4.042509,-36.92094]);
(Hsphere{15.4},1.180908[-2.139525,4.033768,-37.09841]);
(Hsphere{15.4},1.185852[-1.912822,4.039601,-37.25834]);
(Hsphere{15.4},1.191284[-1.68411,4.060316,-37.41325]);
(Hsphere{15.4},1.195618[-1.443545,4.0995,-37.5695]);
(Hsphere{15.4},1.2005[-1.257812,4.142999,-37.6857]);
(Hsphere{15.4},1.205383[-1.05522,4.20469,-37.80822]);
(Hsphere{15.4},1.210327[-0.8604532,4.27922,-37.92213]);
(Hsphere{15.4},1.215271[-0.6734532,4.366097,-38.02817]);
(Hsphere{15.4},1.220093[-0.4918896,4.466096,-38.1283]);
(Hsphere{15.4},1.225403[-0.322287,4.574771,-38.21963]);
(Hsphere{15.4},1.229919[-0.1439574,4.7065,-38.31376]);
(Hsphere{15.4},1.234802[-0.0007776193,4.826499,-38.38831]);
(Hsphere{15.4},1.239685[0.1492161,4.967146,-38.46581]);
(Hsphere{15.4},1.245422[0.2922096,5.116881,-38.53966]);
(Hsphere{15.4},1.250122[0.4465279,5.306623,-38.6213]);
(Hsphere{15.4},1.254395[0.5649731,5.471105,-38.68409]);
(Hsphere{15.4},1.259399[0.6681952,5.628426,-38.73897]);
(Hsphere{15.4},1.264404[0.7824306,5.819726,-38.80021]);
(Hsphere{15.4},1.269104[0.889386,6.017562,-38.85854]);
(Hsphere{15.4},1.274414[0.9830256,6.208067,-38.91093]);
(Hsphere{15.4},1.27887[1.082947,6.432182,-38.96893]);
(Hsphere{15.4},1.284424[1.160834,6.624475,-39.01635]);
(Hsphere{15.4},1.288696[1.250255,6.868465,-39.07434]);
(Hsphere{15.4},1.29425[1.313592,7.059587,-39.11863]);
(Hsphere{15.4},1.298523[1.389453,7.313781,-39.17684]);
(Hsphere{15.4},1.303406[1.441534,7.50878,-39.22141]);
(Hsphere{15.4},1.308289[1.496163,7.737226,-39.2741]);
(Hsphere{15.4},1.313293[1.544502,7.967476,-39.32833]);
(Hsphere{15.4},1.318298[1.58722,8.20318,-39.38566]);
(Hsphere{15.4},1.323303[1.623574,8.440706,-39.44491]);
(Hsphere{15.4},1.327881[1.654403,8.680983,-39.50392]);
(Hsphere{15.4},1.333313[1.678073,8.904083,-39.55772]);
(Hsphere{15.4},1.33783[1.700459,9.169355,-39.62051]);
(Hsphere{15.4},1.343323[1.71484,9.392866,-39.67244]);
(Hsphere{15.4},1.347839[1.72735,9.667841,-39.73513]);
(Hsphere{15.4},1.352417[1.733713,9.896292,-39.78625]);
(Hsphere{15.4},1.357849[1.736707,10.12921,-39.83745]);
(Hsphere{15.4},1.362183[1.736007,10.40915,-39.89783]);
(Hsphere{15.4},1.367859[1.732262,10.63509,-39.94564]);
(Hsphere{15.4},1.372009[1.723412,10.93149,-40.00714]);
(Hsphere{15.4},1.376892[1.71427,11.14911,-40.05143]);
(Hsphere{15.4},1.381775[1.70066,11.40899,-40.10334]);
(Hsphere{15.4},1.386719[1.684212,11.67068,-40.15459]);
(Hsphere{15.4},1.391602[1.665084,11.93408,-40.2051]);
(Hsphere{15.4},1.396484[1.643322,12.2008,-40.2552]);
(Hsphere{15.4},1.401611[1.61951,12.4657,-40.30389]);
(Hsphere{15.4},1.406616[1.59204,12.74683,-40.35443]);
(Hsphere{15.4},1.411194[1.563151,13.02209,-40.40279]);
(Hsphere{15.4},1.416626[1.535121,13.2739,-40.44604]);
(Hsphere{15.4},1.421021[1.499651,13.5762,-40.49672]);
(Hsphere{15.4},1.426636[1.469847,13.81881,-40.53642]);
(Hsphere{15.4},1.430786[1.429384,14.13514,-40.58689]);
(Hsphere{15.4},1.43573[1.39857,14.3677,-40.62304]);
(Hsphere{15.4},1.441162[1.360601,14.64614,-40.66531]);
(Hsphere{15.4},1.445496[1.31763,14.95209,-40.71037]);
(Hsphere{15.4},1.450378[1.282416,15.19679,-40.74543]);
(Hsphere{15.4},1.455322[1.241638,15.47429,-40.78409]);
}
