grab_head_front_l:2{
(Hsphere{5.8},0.8427734[-4.411499,19.78356,8.246908]);
(Hsphere{5.8},0.8478394[-4.255888,19.88648,8.194279]);
(Hsphere{5.8},0.8533325[-4.098962,19.9936,8.13583]);
(Hsphere{5.8},0.8578491[-3.934973,20.10954,8.068752]);
(Hsphere{5.8},0.8623657[-3.802699,20.20641,8.009992]);
(Hsphere{5.8},0.8673096[-3.675164,20.30299,7.949235]);
(Hsphere{5.8},0.8724976[-3.539573,20.40951,7.880016]);
(Hsphere{5.8},0.8770752[-3.403584,20.52083,7.805576]);
(Hsphere{5.8},0.8825073[-3.286617,20.62067,7.7373]);
(Hsphere{5.8},0.8869019[-3.154316,20.73882,7.655078]);
(Hsphere{5.8},0.892395[-3.051267,20.83537,7.586989]);
(Hsphere{5.8},0.8966675[-2.928789,20.95789,7.499311]);
(Hsphere{5.8},0.9015503[-2.838078,21.05499,7.429141]);
(Hsphere{5.8},0.9064941[-2.739893,21.16684,7.348092]);
(Hsphere{5.8},0.911438[-2.647016,21.27982,7.266605]);
(Hsphere{5.8},0.9162598[-2.55751,21.39575,7.183826]);
(Hsphere{5.8},0.9214478[-2.475692,21.508,7.104859]);
(Hsphere{5.8},0.9260864[-2.391774,21.62946,7.021199]);
(Hsphere{5.8},0.9315186[-2.320703,21.73721,6.948954]);
(Hsphere{5.8},0.9358521[-2.241577,21.86577,6.867149]);
(Hsphere{5.8},0.9412842[-2.184036,21.97322,6.808455]);
(Hsphere{5.8},0.9456787[-2.12272,22.1174,6.748858]);
(Hsphere{5.8},0.9512939[-2.085372,22.24793,6.713861]);
(Hsphere{5.8},0.9554443[-2.05906,22.436,6.691369]);
(Hsphere{5.8},0.9603882[-2.056983,22.59678,6.692279]);
(Hsphere{5.8},0.9654541[-2.076298,22.80886,6.712954]);
(Hsphere{5.8},0.9701538[-2.120271,23.06471,6.764678]);
(Hsphere{5.8},0.9750977[-2.185338,23.33889,6.839052]);
(Hsphere{5.8},0.9800415[-2.275412,23.65076,6.932637]);
(Hsphere{5.8},0.9857788[-2.379636,23.98683,7.040098]);
(Hsphere{5.8},0.9898071[-2.507726,24.39563,7.173089]);
(Hsphere{5.8},0.994812[-2.598078,24.68361,7.262218]);
(Hsphere{5.8},0.9995728[-2.706186,25.04317,7.366795]);
(Hsphere{5.8},1.004822[-2.796191,25.37668,7.456717]);
(Hsphere{5.8},1.009399[-2.870776,25.7233,7.542706]);
(Hsphere{5.8},1.014282[-2.907463,26.00197,7.606226]);
(Hsphere{5.8},1.019165[-2.916193,26.27687,7.665878]);
(Hsphere{5.8},1.024048[-2.904669,26.52705,7.713044]);
(Hsphere{5.8},1.028992[-2.879308,26.75286,7.74709]);
(Hsphere{5.8},1.034058[-2.829919,26.96532,7.771063]);
(Hsphere{5.8},1.038818[-2.749237,27.17684,7.788085]);
(Hsphere{5.8},1.044373[-2.652659,27.36732,7.797029]);
(Hsphere{5.8},1.048584[-2.524226,27.57718,7.798965]);
(Hsphere{5.8},1.053589[-2.420766,27.72773,7.796374]);
(Hsphere{5.8},1.05835[-2.296993,27.89453,7.789309]);
(Hsphere{5.8},1.063293[-2.166371,28.04328,7.77499]);
(Hsphere{5.8},1.068359[-2.022873,28.18274,7.752449]);
(Hsphere{5.8},1.073059[-1.866486,28.31667,7.724036]);
(Hsphere{5.8},1.078003[-1.720584,28.42846,7.692869]);
(Hsphere{5.8},1.082886[-1.571614,28.53161,7.655038]);
(Hsphere{5.8},1.087769[-1.430443,28.62631,7.616778]);
(Hsphere{5.8},1.092651[-1.306298,28.7108,7.572076]);
(Hsphere{5.8},1.097595[-1.20268,28.7842,7.521794]);
(Hsphere{5.8},1.102478[-1.111775,28.85419,7.472462]);
(Hsphere{5.8},1.107422[-1.025979,28.9199,7.414113]);
(Hsphere{5.8},1.112427[-0.9396646,28.9853,7.345048]);
(Hsphere{5.8},1.11731[-0.8600366,29.05354,7.274006]);
(Hsphere{5.8},1.12207[-0.7925628,29.12023,7.204214]);
(Hsphere{5.8},1.126953[-0.7319798,29.18824,7.133539]);
(Hsphere{5.8},1.132446[-0.6803491,29.26263,7.057013]);
(Hsphere{5.8},1.13678[-0.6331255,29.35361,6.964308]);
(Hsphere{5.8},1.141663[-0.5997515,29.43365,6.88279]);
(Hsphere{5.8},1.146545[-0.5628377,29.53228,6.780438]);
(Hsphere{5.8},1.152161[-0.5231124,29.63919,6.665186]);
(Hsphere{5.8},1.156372[-0.4733499,29.76942,6.517015]);
(Hsphere{5.8},1.161255[-0.4372727,29.86894,6.397347]);
(Hsphere{5.8},1.167053[-0.3961035,29.98602,6.248036]);
(Hsphere{5.8},1.171082[-0.3484265,30.12514,6.060124]);
(Hsphere{5.8},1.176025[-0.3151863,30.22015,5.921408]);
(Hsphere{5.8},1.180847[-0.2738214,30.33313,5.742866]);
(Hsphere{5.8},1.186096[-0.2328777,30.4369,5.563054]);
(Hsphere{5.8},1.190674[-0.1873173,30.54099,5.363708]);
(Hsphere{5.8},1.196289[-0.1452152,30.6259,5.183183]);
(Hsphere{5.8},1.2005[-0.09578924,30.71831,4.961699]);
(Hsphere{5.8},1.205383[-0.06196432,30.77835,4.798991]);
(Hsphere{5.8},1.210327[-0.0254055,30.84028,4.610051]);
}
