grabnaper:4{
(Hsphere{10.6},1.102539[15.31246,48.50495,9.340276]);
(Hsphere{10.6},1.108276[15.29463,48.66789,8.581505]);
(Hsphere{10.6},1.112305[15.19939,48.89812,7.503042]);
(Hsphere{10.6},1.117249[15.06885,49.07518,6.678663]);
(Hsphere{10.6},1.122253[14.81966,49.30892,5.592421]);
(Hsphere{10.6},1.127258[14.43449,49.56779,4.369275]);
(Hsphere{10.6},1.131897[13.87266,49.84273,3.003387]);
(Hsphere{10.6},1.137268[13.16445,50.08887,1.623042]);
(Hsphere{10.6},1.141724[12.17295,50.30886,0.04131072]);
(Hsphere{10.6},1.147278[11.23164,50.42096,-1.215948]);
(Hsphere{10.6},1.15155[9.912877,50.47917,-2.694441]);
(Hsphere{10.6},1.156433[8.792893,50.46015,-3.767291]);
(Hsphere{10.6},1.161316[7.489337,50.36363,-4.846461]);
(Hsphere{10.6},1.16626[6.279364,50.20611,-5.706341]);
(Hsphere{10.6},1.171143[5.134544,50.01177,-6.416267]);
(Hsphere{10.6},1.176025[4.093228,49.80219,-6.981574]);
(Hsphere{10.6},1.18103[3.217456,49.60131,-7.39315]);
(Hsphere{10.6},1.185852[2.577232,49.44022,-7.640641]);
(Hsphere{10.6},1.19104[2.192511,49.3404,-7.750598]);
(Hsphere{10.6},1.195618[1.998231,49.29502,-7.770966]);
(Hsphere{10.6},1.200989[1.977283,49.30225,-7.728785]);
(Hsphere{10.6},1.205444[2.087978,49.35484,-7.628475]);
(Hsphere{10.6},1.210876[2.25016,49.42044,-7.514401]);
(Hsphere{10.6},1.21521[2.490564,49.51453,-7.356558]);
(Hsphere{10.6},1.220154[2.686007,49.59274,-7.230464]);
}
