grab_head_front_l:1{
(Hsphere{3.4},0.7497253[-2.211973,9.936656,4.111563]);
(Hsphere{3.4},0.7553406[-2.124448,9.99452,4.082009]);
(Hsphere{3.4},0.7595215[-2.027291,10.0612,4.045259]);
(Hsphere{3.4},0.7644043[-1.957165,10.11116,4.016044]);
(Hsphere{3.4},0.7693176[-1.877597,10.16994,3.980032]);
(Hsphere{3.4},0.7742004[-1.800848,10.22903,3.94228]);
(Hsphere{3.4},0.7791138[-1.726987,10.28844,3.902993]);
(Hsphere{3.4},0.7841797[-1.656073,10.3482,3.862388]);
(Hsphere{3.4},0.7889099[-1.585937,10.41033,3.819266]);
(Hsphere{3.4},0.7938232[-1.523311,10.46885,3.778016]);
(Hsphere{3.4},0.7987671[-1.462095,10.53028,3.73404]);
(Hsphere{3.4},0.8036194[-1.404022,10.59315,3.688568]);
(Hsphere{3.4},0.8085632[-1.350371,10.65573,3.643262]);
(Hsphere{3.4},0.8134155[-1.299147,10.71995,3.597132]);
(Hsphere{3.4},0.8182983[-1.251629,10.78368,3.552003]);
(Hsphere{3.4},0.8235779[-1.206434,10.8481,3.507324]);
(Hsphere{3.4},0.828125[-1.160545,10.91724,3.460784]);
(Hsphere{3.4},0.8330078[-1.12337,10.97738,3.422347]);
(Hsphere{3.4},0.8381042[-1.087129,11.0457,3.385444]);
(Hsphere{3.4},0.842804[-1.05591,11.12378,3.35541]);
(Hsphere{3.4},0.8477173[-1.036536,11.20512,3.337456]);
(Hsphere{3.4},0.8526001[-1.027974,11.30273,3.33124]);
(Hsphere{3.4},0.8581848[-1.03363,11.41549,3.337517]);
(Hsphere{3.4},0.8624268[-1.057601,11.56873,3.365416]);
(Hsphere{3.4},0.8673096[-1.08905,11.70478,3.40178]);
(Hsphere{3.4},0.8722229[-1.139345,11.87968,3.454112]);
(Hsphere{3.4},0.8778076[-1.197665,12.06741,3.514358]);
(Hsphere{3.4},0.882019[-1.267922,12.29131,3.586696]);
(Hsphere{3.4},0.8869019[-1.320814,12.46161,3.638295]);
(Hsphere{3.4},0.8918152[-1.37747,12.65772,3.693463]);
(Hsphere{3.4},0.896698[-1.422797,12.84512,3.741681]);
(Hsphere{3.4},0.9016113[-1.450789,13.01818,3.782221]);
(Hsphere{3.4},0.9066162[-1.458176,13.17478,3.81647]);
(Hsphere{3.4},0.9114075[-1.451829,13.31859,3.843681]);
(Hsphere{3.4},0.916626[-1.43692,13.44188,3.861756]);
(Hsphere{3.4},0.9213257[-1.402891,13.56767,3.87493]);
(Hsphere{3.4},0.9266052[-1.35584,13.67688,3.882473]);
(Hsphere{3.4},0.9313354[-1.29092,13.79256,3.885588]);
(Hsphere{3.4},0.9359131[-1.226929,13.88931,3.88488]);
(Hsphere{3.4},0.9413452[-1.16372,13.97681,3.881931]);
(Hsphere{3.4},0.9457092[-1.081618,14.07221,3.873398]);
(Hsphere{3.4},0.9506226[-1.009614,14.14195,3.862013]);
(Hsphere{3.4},0.9563599[-0.9249655,14.21391,3.846509]);
(Hsphere{3.4},0.9604187[-0.8250062,14.28822,3.823976]);
(Hsphere{3.4},0.9653015[-0.7568972,14.334,3.806166]);
(Hsphere{3.4},0.9703979[-0.681584,14.38486,3.783231]);
(Hsphere{3.4},0.9750977[-0.6163884,14.43012,3.755113]);
(Hsphere{3.4},0.9804077[-0.5659568,14.46827,3.728342]);
(Hsphere{3.4},0.9849243[-0.5136861,14.50835,3.693686]);
(Hsphere{3.4},0.9898071[-0.4693703,14.54195,3.658251]);
(Hsphere{3.4},0.9947205[-0.4259059,14.57954,3.619099]);
(Hsphere{3.4},0.9996033[-0.3883705,14.6175,3.579403]);
(Hsphere{3.4},1.004608[-0.3551677,14.65736,3.538117]);
(Hsphere{3.4},1.009399[-0.3281873,14.70175,3.492676]);
(Hsphere{3.4},1.014374[-0.3064779,14.74922,3.44439]);
(Hsphere{3.4},1.019409[-0.2854925,14.80399,3.387973]);
(Hsphere{3.4},1.024109[-0.2629474,14.86489,3.322717]);
(Hsphere{3.4},1.029785[-0.2394329,14.92624,3.253274]);
(Hsphere{3.4},1.033905[-0.2119974,15.00215,3.161412]);
(Hsphere{3.4},1.038818[-0.1926544,15.05764,3.089496]);
(Hsphere{3.4},1.043793[-0.16992,15.12392,2.998496]);
(Hsphere{3.4},1.048676[-0.1467146,15.18917,2.900146]);
(Hsphere{3.4},1.053802[-0.1236593,15.24961,2.799379]);
(Hsphere{3.4},1.058502[-0.09860697,15.30867,2.689462]);
(Hsphere{3.4},1.063507[-0.07471021,15.35783,2.586717]);
(Hsphere{3.4},1.068207[-0.04985925,15.40452,2.476078]);
(Hsphere{3.4},1.07312[-0.02838123,15.44261,2.372586]);
(Hsphere{3.4},1.078308[-0.00823336,15.47642,2.266745]);
}
