grab_head_front_r:6{
(Hsphere{15.4},1.126099[13.28315,59.31794,24.6889]);
(Hsphere{15.4},1.130981[12.91696,59.55606,24.56411]);
(Hsphere{15.4},1.135864[12.55823,59.79441,24.43238]);
(Hsphere{15.4},1.140869[12.20743,60.03295,24.29424]);
(Hsphere{15.4},1.145996[11.86502,60.27172,24.15016]);
(Hsphere{15.4},1.150635[11.51049,60.526,23.9909]);
(Hsphere{15.4},1.156006[11.20656,60.74973,23.84599]);
(Hsphere{15.4},1.1604[10.8527,61.01202,23.66839]);
(Hsphere{15.4},1.166016[10.57307,61.22085,23.52117]);
(Hsphere{15.4},1.170166[10.21893,61.48845,23.32578]);
(Hsphere{15.4},1.175781[9.963902,61.6841,23.17865]);
(Hsphere{15.4},1.180054[9.632488,61.94301,22.9791]);
(Hsphere{15.4},1.185791[9.38091,62.14399,22.82099]);
(Hsphere{15.4},1.190063[9.05832,62.40878,22.6093]);
(Hsphere{15.4},1.194702[8.826288,62.60555,22.44765]);
(Hsphere{15.4},1.200073[8.587414,62.81559,22.27025]);
(Hsphere{15.4},1.204468[8.329544,63.05358,22.06558]);
(Hsphere{15.4},1.210083[8.127474,63.2507,21.89508]);
(Hsphere{15.4},1.214355[7.890159,63.49873,21.68156]);
(Hsphere{15.4},1.219238[7.72042,63.68987,21.51946]);
(Hsphere{15.4},1.224121[7.535211,63.91427,21.33368]);
(Hsphere{15.4},1.229004[7.360851,64.14328,21.1506]);
(Hsphere{15.4},1.233887[7.196188,64.37799,20.97112]);
(Hsphere{15.4},1.23877[7.040095,64.61938,20.79613]);
(Hsphere{15.4},1.243774[6.891335,64.86844,20.62642]);
(Hsphere{15.4},1.249146[6.749801,65.12579,20.46249]);
(Hsphere{15.4},1.25354[6.602144,65.41901,20.29207]);
(Hsphere{15.4},1.259155[6.488066,65.66589,20.16441]);
(Hsphere{15.4},1.263306[6.351174,65.99108,20.02082]);
(Hsphere{15.4},1.268188[6.265194,66.25465,19.93269]);
(Hsphere{15.4},1.273071[6.198923,66.60359,19.85768]);
(Hsphere{15.4},1.278076[6.168919,66.99512,19.81553]);
(Hsphere{15.4},1.282959[6.174796,67.42738,19.80832]);
(Hsphere{15.4},1.287842[6.216658,67.89793,19.82722]);
(Hsphere{15.4},1.292725[6.289791,68.42343,19.88385]);
(Hsphere{15.4},1.297607[6.391914,68.97652,19.97657]);
(Hsphere{15.4},1.30249[6.529911,69.57814,20.10736]);
(Hsphere{15.4},1.307495[6.698768,70.21639,20.25998]);
(Hsphere{15.4},1.3125[6.893276,70.90002,20.43563]);
(Hsphere{15.4},1.317261[7.113072,71.62891,20.63123]);
(Hsphere{15.4},1.322876[7.343658,72.35136,20.82707]);
(Hsphere{15.4},1.327026[7.630201,73.22084,21.06906]);
(Hsphere{15.4},1.332642[7.837399,73.85493,21.25177]);
(Hsphere{15.4},1.336792[8.109213,74.72079,21.50868]);
(Hsphere{15.4},1.341919[8.29306,75.34304,21.69601]);
(Hsphere{15.4},1.34668[8.502264,76.09476,21.91797]);
(Hsphere{15.4},1.351563[8.674899,76.78146,22.1149]);
(Hsphere{15.4},1.356445[8.822819,77.47063,22.30536]);
(Hsphere{15.4},1.361938[8.932265,78.13372,22.48001]);
(Hsphere{15.4},1.366577[9.000136,78.83778,22.65363]);
(Hsphere{15.4},1.371094[9.005794,79.40379,22.78163]);
(Hsphere{15.4},1.375977[8.95906,79.92716,22.88789]);
(Hsphere{15.4},1.380859[8.863909,80.46176,22.98503]);
(Hsphere{15.4},1.385864[8.732534,80.97073,23.06546]);
(Hsphere{15.4},1.391479[8.566742,81.45508,23.12959]);
(Hsphere{15.4},1.39563[8.338857,81.97692,23.18578]);
(Hsphere{15.4},1.400513[8.146046,82.34168,23.2164]);
(Hsphere{15.4},1.405396[7.896299,82.7439,23.23748]);
(Hsphere{15.4},1.410522[7.625251,83.11554,23.24229]);
(Hsphere{15.4},1.415161[7.32573,83.47231,23.23604]);
(Hsphere{15.4},1.42041[7.029955,83.78767,23.21747]);
(Hsphere{15.4},1.425049[6.692933,84.11099,23.17861]);
(Hsphere{15.4},1.43042[6.395693,84.37035,23.12955]);
(Hsphere{15.4},1.435059[6.033767,84.66544,23.06292]);
(Hsphere{15.4},1.439697[5.727795,84.89708,22.99285]);
(Hsphere{15.4},1.444702[5.427816,85.10995,22.90946]);
(Hsphere{15.4},1.449951[5.109562,85.32301,22.8044]);
(Hsphere{15.4},1.454468[4.790875,85.53201,22.6931]);
(Hsphere{15.4},1.459961[4.52941,85.69667,22.58481]);
(Hsphere{15.4},1.464233[4.230291,85.87923,22.43775]);
(Hsphere{15.4},1.469971[4.014598,86.01035,22.31581]);
(Hsphere{15.4},1.473999[3.747464,86.18613,22.14939]);
(Hsphere{15.4},1.479004[3.573452,86.31018,22.02046]);
(Hsphere{15.4},1.483765[3.37982,86.46183,21.85159]);
(Hsphere{15.4},1.489014[3.203781,86.61884,21.6733]);
(Hsphere{15.4},1.493652[3.027897,86.78955,21.48064]);
(Hsphere{15.4},1.498901[2.875273,86.94695,21.29843]);
(Hsphere{15.4},1.503418[2.707697,87.13153,21.0805]);
(Hsphere{15.4},1.508911[2.572984,87.29075,20.8908]);
(Hsphere{15.4},1.513184[2.412441,87.49743,20.64701]);
(Hsphere{15.4},1.518921[2.293868,87.66328,20.45363]);
(Hsphere{15.4},1.523071[2.140633,87.89558,20.18594]);
(Hsphere{15.4},1.527954[2.029985,88.07559,19.97973]);
(Hsphere{15.4},1.532837[1.900218,88.29752,19.7247]);
(Hsphere{15.4},1.53772[1.77035,88.52834,19.45612]);
(Hsphere{15.4},1.542603[1.639331,88.76672,19.17315]);
(Hsphere{15.4},1.547485[1.50616,89.0112,18.87499]);
(Hsphere{15.4},1.552368[1.369888,89.26027,18.56098]);
(Hsphere{15.4},1.557373[1.229616,89.51238,18.23059]);
(Hsphere{15.4},1.562256[1.085281,89.76577,17.88394]);
(Hsphere{15.4},1.567139[0.9456903,90.01581,17.52629]);
(Hsphere{15.4},1.572632[0.8131112,90.26231,17.15694]);
(Hsphere{15.4},1.577148[0.6762694,90.52863,16.73667]);
(Hsphere{15.4},1.581787[0.573804,90.73949,16.39048]);
(Hsphere{15.4},1.586914[0.4720075,90.95203,16.02239]);
(Hsphere{15.4},1.591675[0.3658973,91.17476,15.60966]);
(Hsphere{15.4},1.596558[0.2734013,91.36969,15.22179]);
(Hsphere{15.4},1.601929[0.1827839,91.56087,14.81254]);
(Hsphere{15.4},1.606567[0.09010808,91.75496,14.36082]);
(Hsphere{15.4},1.611206[0.01495464,91.91129,13.96499]);
(Hsphere{15.4},1.616089[-0.05302462,92.05199,13.57935]);
(Hsphere{15.4},1.620972[-0.1194728,92.18899,13.17155]);
}
