grabnaper:10{
(Hsphere{25},1.107178[38.2696,120.9214,24.23897]);
(Hsphere{25},1.112915[38.26365,121.3786,22.12902]);
(Hsphere{25},1.117798[38.08402,121.9421,19.48887]);
(Hsphere{25},1.121826[37.74694,122.4531,17.10573]);
(Hsphere{25},1.126709[37.28335,122.9291,14.89542]);
(Hsphere{25},1.131836[36.46151,123.5442,12.0142]);
(Hsphere{25},1.136597[35.22612,124.2194,8.734488]);
(Hsphere{25},1.141479[33.55958,124.8759,5.243767]);
(Hsphere{25},1.146606[31.47478,125.4308,1.670023]);
(Hsphere{25},1.151611[28.85428,125.8354,-2.057677]);
(Hsphere{25},1.156494[26.02969,126.0222,-5.414239]);
(Hsphere{25},1.161011[22.91257,126.0363,-8.567511]);
(Hsphere{25},1.166016[19.91481,125.8729,-11.17818]);
(Hsphere{25},1.170898[16.77242,125.5263,-13.5391]);
(Hsphere{25},1.175781[13.91824,125.0773,-15.39694]);
(Hsphere{25},1.18103[11.20387,124.5633,-16.94965]);
(Hsphere{25},1.185547[8.668808,124.0057,-18.20579]);
(Hsphere{25},1.19043[7.015256,123.6006,-18.90054]);
(Hsphere{25},1.195313[5.816469,123.2908,-19.29332]);
(Hsphere{25},1.20105[5.150504,123.1228,-19.43038]);
(Hsphere{25},1.2052[4.926614,123.0939,-19.36175]);
(Hsphere{25},1.210083[5.05465,123.1676,-19.20377]);
(Hsphere{25},1.215088[5.421257,123.323,-18.92586]);
(Hsphere{25},1.219849[5.938601,123.527,-18.57849]);
(Hsphere{25},1.225342[6.480555,123.7401,-18.22731]);
}
