grabbackr:3{
(Hsphere{8.200001},0.8673096[20.51548,15.0352,1.741507]);
(Hsphere{8.200001},0.8723145[20.75201,15.08846,1.030129]);
(Hsphere{8.200001},0.8771362[20.96848,15.08712,0.2131303]);
(Hsphere{8.200001},0.8823242[21.13566,14.99905,-0.6933585]);
(Hsphere{8.200001},0.8869019[21.24021,14.77365,-1.825857]);
(Hsphere{8.200001},0.8918457[21.23262,14.42447,-3.010826]);
(Hsphere{8.200001},0.8967285[21.06931,13.87046,-4.470615]);
(Hsphere{8.200001},0.9016113[20.69002,13.11966,-6.102589]);
(Hsphere{8.200001},0.9064941[20.03613,12.1699,-7.856682]);
(Hsphere{8.200001},0.911438[19.07228,11.05777,-9.644043]);
(Hsphere{8.200001},0.9163208[17.79972,9.849354,-11.36389]);
(Hsphere{8.200001},0.9212036[16.25074,8.612436,-12.92976]);
(Hsphere{8.200001},0.9261475[14.47355,7.403361,-14.27566]);
(Hsphere{8.200001},0.9310303[12.53595,6.27158,-15.35872]);
(Hsphere{8.200001},0.9359131[10.53643,5.265447,-16.16534]);
(Hsphere{8.200001},0.9407959[8.583043,4.418337,-16.71387]);
(Hsphere{8.200001},0.9457397[6.783304,3.746268,-17.0508]);
(Hsphere{8.200001},0.9507446[5.224909,3.245234,-17.24398]);
(Hsphere{8.200001},0.9555054[3.983599,2.902135,-17.35664]);
(Hsphere{8.200001},0.9608154[3.068107,2.67583,-17.43065]);
(Hsphere{8.200001},0.965332[2.306139,2.499816,-17.51212]);
(Hsphere{8.200001},0.9707642[1.833864,2.392817,-17.59496]);
(Hsphere{8.200001},0.9750977[1.448764,2.301126,-17.71674]);
(Hsphere{8.200001},0.9807739[1.25713,2.24878,-17.82936]);
(Hsphere{8.200001},0.9849243[1.114669,2.198899,-17.9923]);
(Hsphere{8.200001},0.9898071[1.061657,2.172631,-18.11618]);
(Hsphere{8.200001},0.994873[1.022768,2.149724,-18.26155]);
(Hsphere{8.200001},0.9996338[0.973453,2.13256,-18.40244]);
(Hsphere{8.200001},1.004822[0.913947,2.128398,-18.52617]);
(Hsphere{8.200001},1.009399[0.8614888,2.147327,-18.65838]);
(Hsphere{8.200001},1.014404[0.8177813,2.181301,-18.76771]);
(Hsphere{8.200001},1.019226[0.7680259,2.233105,-18.87445]);
(Hsphere{8.200001},1.024109[0.7244707,2.298124,-18.97038]);
(Hsphere{8.200001},1.029053[0.6852477,2.377901,-19.06086]);
(Hsphere{8.200001},1.033936[0.6550543,2.476898,-19.1458]);
(Hsphere{8.200001},1.038818[0.6358329,2.59205,-19.2228]);
(Hsphere{8.200001},1.044067[0.6203681,2.719335,-19.2951]);
(Hsphere{8.200001},1.048645[0.6080421,2.866985,-19.36688]);
(Hsphere{8.200001},1.053528[0.6008258,3.002481,-19.42428]);
(Hsphere{8.200001},1.059204[0.59646,3.156137,-19.48184]);
(Hsphere{8.200001},1.063293[0.5956866,3.342742,-19.54337]);
(Hsphere{8.200001},1.068237[0.5979291,3.481927,-19.5845]);
(Hsphere{8.200001},1.07312[0.6036254,3.651718,-19.63021]);
(Hsphere{8.200001},1.078003[0.6125882,3.824513,-19.67263]);
(Hsphere{8.200001},1.082947[0.6248505,3.999094,-19.71208]);
(Hsphere{8.200001},1.087891[0.6404707,4.174205,-19.7489]);
(Hsphere{8.200001},1.092896[0.6599823,4.351902,-19.78407]);
(Hsphere{8.200001},1.097595[0.6833674,4.527905,-19.81735]);
(Hsphere{8.200001},1.102783[0.7090385,4.690163,-19.84714]);
(Hsphere{8.200001},1.107422[0.7417078,4.863634,-19.87865]);
(Hsphere{8.200001},1.112549[0.7750515,5.013712,-19.90609]);
(Hsphere{8.200001},1.117188[0.8136017,5.176747,-19.93517]);
(Hsphere{8.200001},1.122559[0.8490516,5.323168,-19.96033]);
(Hsphere{8.200001},1.127014[0.8896261,5.488815,-19.98775]);
(Hsphere{8.200001},1.132568[0.9230448,5.625266,-20.00955]);
(Hsphere{8.200001},1.136841[0.9637365,5.793464,-20.03553]);
(Hsphere{8.200001},1.141724[0.9939743,5.921461,-20.05467]);
(Hsphere{8.200001},1.146606[1.027384,6.067794,-20.07594]);
(Hsphere{8.200001},1.151611[1.058943,6.21316,-20.0965]);
(Hsphere{8.200001},1.156433[1.08869,6.359622,-20.11671]);
(Hsphere{8.200001},1.16156[1.115165,6.501592,-20.13589]);
(Hsphere{8.200001},1.166199[1.140409,6.652896,-20.15596]);
(Hsphere{8.200001},1.17157[1.160002,6.787908,-20.17363]);
(Hsphere{8.200001},1.176025[1.179259,6.944547,-20.19385]);
(Hsphere{8.200001},1.180908[1.193957,7.072627,-20.20992]);
(Hsphere{8.200001},1.185791[1.209466,7.21414,-20.22714]);
(Hsphere{8.200001},1.190796[1.223953,7.355132,-20.24362]);
(Hsphere{8.200001},1.195618[1.237084,7.497288,-20.25935]);
(Hsphere{8.200001},1.200806[1.249072,7.635844,-20.27397]);
(Hsphere{8.200001},1.205444[1.260951,7.783591,-20.28881]);
(Hsphere{8.200001},1.210815[1.270782,7.916111,-20.3014]);
(Hsphere{8.200001},1.21521[1.281189,8.069775,-20.31513]);
(Hsphere{8.200001},1.220581[1.28896,8.196766,-20.32573]);
(Hsphere{8.200001},1.225037[1.297262,8.35041,-20.33779]);
(Hsphere{8.200001},1.229919[1.303038,8.476864,-20.34729]);
(Hsphere{8.200001},1.234802[1.308238,8.615776,-20.3573]);
(Hsphere{8.200001},1.240601[1.312188,8.753935,-20.36681]);
}
