grabnapel:4{
(Hsphere{10.6},1.103088[-15.33083,48.38425,9.588903]);
(Hsphere{10.6},1.107422[-15.31463,48.59136,8.646616]);
(Hsphere{10.6},1.112305[-15.25427,48.75662,7.859673]);
(Hsphere{10.6},1.117249[-15.11953,48.9516,6.889437]);
(Hsphere{10.6},1.122131[-14.89421,49.15421,5.819818]);
(Hsphere{10.6},1.127014[-14.55139,49.3605,4.632821]);
(Hsphere{10.6},1.131897[-14.05125,49.56295,3.31002]);
(Hsphere{10.6},1.136963[-13.36817,49.73857,1.870785]);
(Hsphere{10.6},1.141724[-12.49751,49.85738,0.3727023]);
(Hsphere{10.6},1.146973[-11.5591,49.8955,-0.9722004]);
(Hsphere{10.6},1.15155[-10.39023,49.85992,-2.386238]);
(Hsphere{10.6},1.156433[-9.267111,49.76206,-3.548844]);
(Hsphere{10.6},1.161316[-8.035501,49.59033,-4.64532]);
(Hsphere{10.6},1.166199[-6.884997,49.37454,-5.523167]);
(Hsphere{10.6},1.171143[-5.808011,49.13627,-6.239314]);
(Hsphere{10.6},1.176025[-4.805416,48.88665,-6.8244]);
(Hsphere{10.6},1.181152[-3.960161,48.65423,-7.255551]);
(Hsphere{10.6},1.185791[-3.26463,48.44668,-7.557097]);
(Hsphere{10.6},1.190796[-2.813035,48.30454,-7.720846]);
(Hsphere{10.6},1.195862[-2.485511,48.19874,-7.819792]);
(Hsphere{10.6},1.2005[-2.294455,48.13798,-7.863694]);
(Hsphere{10.6},1.205444[-2.211312,48.11461,-7.871199]);
(Hsphere{10.6},1.210876[-2.187252,48.11208,-7.855088]);
(Hsphere{10.6},1.21521[-2.201197,48.12467,-7.824985]);
(Hsphere{10.6},1.220886[-2.218023,48.1386,-7.803615]);
}
