grabbackr:6{
(Hsphere{15.4},1.014343[40.89949,29.93271,3.838722]);
(Hsphere{15.4},1.019958[41.31364,30.04507,2.664665]);
(Hsphere{15.4},1.024109[41.75452,30.0959,1.172612]);
(Hsphere{15.4},1.028992[42.03886,30.04775,-0.04624425]);
(Hsphere{15.4},1.033936[42.3087,29.85858,-1.660617]);
(Hsphere{15.4},1.038818[42.4737,29.48521,-3.506523]);
(Hsphere{15.4},1.043762[42.48379,28.88161,-5.626204]);
(Hsphere{15.4},1.048767[42.27019,27.99716,-8.073588]);
(Hsphere{15.4},1.053528[41.75305,26.80961,-10.82194]);
(Hsphere{15.4},1.058533[40.91375,25.4058,-13.62933]);
(Hsphere{15.4},1.063293[39.59613,23.64648,-16.71631]);
(Hsphere{15.4},1.068237[37.87456,21.73875,-19.7064]);
(Hsphere{15.4},1.073914[35.67987,19.67098,-22.63353]);
(Hsphere{15.4},1.078003[32.61951,17.2142,-25.75536]);
(Hsphere{15.4},1.082947[30.13615,15.47659,-27.73817]);
(Hsphere{15.4},1.08783[26.91823,13.48137,-29.76981]);
(Hsphere{15.4},1.092712[23.53976,11.63873,-31.4015]);
(Hsphere{15.4},1.097595[20.13063,10.00106,-32.63468]);
(Hsphere{15.4},1.102539[16.82621,8.603226,-33.50402]);
(Hsphere{15.4},1.107971[13.75949,7.461612,-34.07245]);
(Hsphere{15.4},1.112305[10.76707,6.487741,-34.45457]);
(Hsphere{15.4},1.117249[8.81923,5.930623,-34.64429]);
(Hsphere{15.4},1.122253[7.014592,5.466233,-34.78844]);
(Hsphere{15.4},1.127014[5.547623,5.115755,-34.91607]);
(Hsphere{15.4},1.131897[4.456776,4.866611,-35.04627]);
(Hsphere{15.4},1.137268[3.615395,4.675777,-35.20211]);
(Hsphere{15.4},1.141724[2.967328,4.521961,-35.40346]);
(Hsphere{15.4},1.146606[2.59858,4.424411,-35.59715]);
(Hsphere{15.4},1.152283[2.336627,4.341804,-35.8303]);
(Hsphere{15.4},1.156433[2.165523,4.270239,-36.11575]);
(Hsphere{15.4},1.161316[2.09524,4.230709,-36.32844]);
(Hsphere{15.4},1.166199[2.031868,4.194812,-36.57404]);
(Hsphere{15.4},1.171143[1.94683,4.167239,-36.80501]);
(Hsphere{15.4},1.176025[1.8404,4.157669,-37.02338]);
(Hsphere{15.4},1.180908[1.753146,4.180606,-37.23806]);
(Hsphere{15.4},1.185913[1.673956,4.231705,-37.44288]);
(Hsphere{15.4},1.190918[1.589847,4.307878,-37.6346]);
(Hsphere{15.4},1.195618[1.506844,4.407166,-37.81224]);
(Hsphere{15.4},1.200928[1.436426,4.520827,-37.96905]);
(Hsphere{15.4},1.205444[1.365016,4.670856,-38.13466]);
(Hsphere{15.4},1.210938[1.316771,4.822385,-38.26675]);
(Hsphere{15.4},1.21521[1.278027,5.042901,-38.41856]);
(Hsphere{15.4},1.220093[1.253261,5.227261,-38.52847]);
(Hsphere{15.4},1.225037[1.23014,5.452974,-38.64733]);
(Hsphere{15.4},1.230042[1.212416,5.693738,-38.75938]);
(Hsphere{15.4},1.234924[1.199926,5.951403,-38.86604]);
(Hsphere{15.4},1.239929[1.19295,6.212638,-38.96305]);
(Hsphere{15.4},1.244629[1.190898,6.491039,-39.05642]);
(Hsphere{15.4},1.249512[1.193615,6.759812,-39.13847]);
(Hsphere{15.4},1.254395[1.201147,7.046978,-39.21882]);
(Hsphere{15.4},1.259338[1.213442,7.339321,-39.29415]);
(Hsphere{15.4},1.264221[1.230488,7.635331,-39.36487]);
(Hsphere{15.4},1.269104[1.252358,7.933519,-39.43136]);
(Hsphere{15.4},1.274048[1.279143,8.232309,-39.49408]);
(Hsphere{15.4},1.278931[1.310995,8.530169,-39.55346]);
(Hsphere{15.4},1.283936[1.348115,8.825484,-39.60994]);
(Hsphere{15.4},1.289001[1.391629,9.122072,-39.66496]);
(Hsphere{15.4},1.29364[1.442209,9.418024,-39.7189]);
(Hsphere{15.4},1.299255[1.49408,9.680431,-39.76659]);
(Hsphere{15.4},1.303406[1.564133,9.98969,-39.82307]);
(Hsphere{15.4},1.30835[1.617739,10.21612,-39.8634]);
(Hsphere{15.4},1.313232[1.681151,10.47888,-39.90884]);
(Hsphere{15.4},1.318237[1.744682,10.73891,-39.95245]);
(Hsphere{15.4},1.323242[1.809366,11.00258,-39.9953]);
(Hsphere{15.4},1.328003[1.873007,11.26321,-40.0364]);
(Hsphere{15.4},1.333008[1.932125,11.50852,-40.074]);
(Hsphere{15.4},1.337708[1.992638,11.7652,-40.1123]);
(Hsphere{15.4},1.343018[2.047655,12.00594,-40.14732]);
(Hsphere{15.4},1.347534[2.106276,12.27365,-40.18534]);
(Hsphere{15.4},1.352417[2.153534,12.50127,-40.21697]);
(Hsphere{15.4},1.3573[2.201472,12.74727,-40.25053]);
(Hsphere{15.4},1.362244[2.245526,12.99239,-40.2834]);
(Hsphere{15.4},1.367981[2.285326,13.23704,-40.31576]);
(Hsphere{15.4},1.372009[2.326088,13.52407,-40.35324]);
(Hsphere{15.4},1.377197[2.350615,13.7241,-40.37911]);
(Hsphere{15.4},1.381836[2.380444,13.98133,-40.41164]);
(Hsphere{15.4},1.386719[2.40576,14.20849,-40.43958]);
(Hsphere{15.4},1.392395[2.431492,14.4495,-40.4684]);
(Hsphere{15.4},1.397217[2.45882,14.72843,-40.50024]);
(Hsphere{15.4},1.401428[2.480057,14.96313,-40.52583]);
(Hsphere{15.4},1.406311[2.497699,15.16852,-40.5474]);
(Hsphere{15.4},1.411194[2.517093,15.40762,-40.57156]);
(Hsphere{15.4},1.416199[2.535237,15.64668,-40.59464]);
(Hsphere{15.4},1.421204[2.552449,15.89109,-40.61705]);
(Hsphere{15.4},1.425903[2.5683,16.13556,-40.63826]);
(Hsphere{15.4},1.431213[2.581899,16.36498,-40.65703]);
(Hsphere{15.4},1.43573[2.595604,16.62495,-40.67725]);
(Hsphere{15.4},1.441284[2.60552,16.84266,-40.69359]);
(Hsphere{15.4},1.445496[2.615697,17.1106,-40.71296]);
(Hsphere{15.4},1.450439[2.621961,17.31589,-40.72723]);
(Hsphere{15.4},1.455322[2.627448,17.55089,-40.74297]);
}
