grabbackr:4{
(Hsphere{10.6},1.009399[27.30564,19.99992,2.453911]);
(Hsphere{10.6},1.014343[27.58085,20.07055,1.657923]);
(Hsphere{10.6},1.019226[27.83553,20.09657,0.7848699]);
(Hsphere{10.6},1.024109[28.05746,20.05173,-0.1893166]);
(Hsphere{10.6},1.029053[28.22897,19.9073,-1.294127]);
(Hsphere{10.6},1.033936[28.3254,19.63229,-2.565971]);
(Hsphere{10.6},1.038818[28.31016,19.2,-4.014452]);
(Hsphere{10.6},1.043701[28.13912,18.58215,-5.668846]);
(Hsphere{10.6},1.048645[27.76438,17.77204,-7.498071]);
(Hsphere{10.6},1.053528[27.1313,16.75883,-9.47651]);
(Hsphere{10.6},1.058533[26.21197,15.57573,-11.50635]);
(Hsphere{10.6},1.063354[24.95789,14.23228,-13.56883]);
(Hsphere{10.6},1.068604[23.451,12.85775,-15.47395]);
(Hsphere{10.6},1.07312[21.50418,11.33094,-17.38165]);
(Hsphere{10.6},1.07843[19.63911,10.05563,-18.80743]);
(Hsphere{10.6},1.082947[17.25782,8.628343,-20.21115]);
(Hsphere{10.6},1.088684[15.17407,7.530044,-21.14445]);
(Hsphere{10.6},1.092712[12.49811,6.295318,-22.02289]);
(Hsphere{10.6},1.098511[10.71147,5.570615,-22.44287]);
(Hsphere{10.6},1.102539[8.373129,4.735665,-22.8285]);
(Hsphere{10.6},1.108215[6.965143,4.293951,-22.99212]);
(Hsphere{10.6},1.112305[5.344519,3.845427,-23.13958]);
(Hsphere{10.6},1.117249[4.405742,3.610636,-23.21418]);
(Hsphere{10.6},1.122131[3.49914,3.397134,-23.29803]);
(Hsphere{10.6},1.127014[2.801269,3.238651,-23.39071]);
(Hsphere{10.6},1.13269[2.28365,3.120532,-23.50022]);
(Hsphere{10.6},1.136841[1.872288,3.020263,-23.65037]);
(Hsphere{10.6},1.141724[1.672963,2.964785,-23.77502]);
(Hsphere{10.6},1.146606[1.521097,2.913486,-23.93472]);
(Hsphere{10.6},1.15155[1.433926,2.874383,-24.10188]);
(Hsphere{10.6},1.156616[1.383645,2.845056,-24.26966]);
(Hsphere{10.6},1.161316[1.337767,2.822147,-24.43851]);
(Hsphere{10.6},1.166626[1.273739,2.806286,-24.58284]);
(Hsphere{10.6},1.171143[1.202204,2.80815,-24.74083]);
(Hsphere{10.6},1.176025[1.151253,2.828941,-24.87105]);
(Hsphere{10.6},1.180908[1.098225,2.868762,-25.00525]);
(Hsphere{10.6},1.186768[1.041816,2.923748,-25.12792]);
(Hsphere{10.6},1.190796[0.9793428,3.008913,-25.26383]);
(Hsphere{10.6},1.195618[0.940991,3.078546,-25.35075]);
(Hsphere{10.6},1.200623[0.8987377,3.174226,-25.44995]);
(Hsphere{10.6},1.205566[0.8686253,3.295249,-25.54592]);
(Hsphere{10.6},1.210327[0.8467746,3.43048,-25.63471]);
(Hsphere{10.6},1.215515[0.8293353,3.57235,-25.71574]);
(Hsphere{10.6},1.220154[0.8144358,3.737534,-25.79839]);
(Hsphere{10.6},1.225037[0.8047761,3.890975,-25.86642]);
(Hsphere{10.6},1.23053[0.7978779,4.062728,-25.93469]);
(Hsphere{10.6},1.234802[0.7941923,4.265003,-26.00654]);
(Hsphere{10.6},1.240479[0.79426,4.426376,-26.05844]);
(Hsphere{10.6},1.244629[0.7981634,4.645706,-26.12269]);
(Hsphere{10.6},1.249512[0.8037512,4.810356,-26.16692]);
(Hsphere{10.6},1.254456[0.8133087,5.007484,-26.21611]);
(Hsphere{10.6},1.259338[0.8260956,5.206693,-26.26229]);
(Hsphere{10.6},1.264465[0.8421414,5.406848,-26.30575]);
(Hsphere{10.6},1.269104[0.8624592,5.615657,-26.34852]);
(Hsphere{10.6},1.274475[0.8844163,5.806075,-26.38572]);
(Hsphere{10.6},1.278931[0.9134156,6.020054,-26.42599]);
(Hsphere{10.6},1.284485[0.9412508,6.196617,-26.45841]);
(Hsphere{10.6},1.288696[0.9804424,6.410275,-26.49724]);
(Hsphere{10.6},1.29364[1.014368,6.569821,-26.52635]);
(Hsphere{10.6},1.298523[1.056098,6.749139,-26.5589]);
(Hsphere{10.6},1.30365[1.098423,6.926323,-26.59007]);
(Hsphere{10.6},1.30835[1.142764,7.108725,-26.62113]);
(Hsphere{10.6},1.313538[1.183536,7.275075,-26.64858]);
(Hsphere{10.6},1.318115[1.228316,7.457856,-26.67786]);
(Hsphere{10.6},1.322998[1.267056,7.61736,-26.70265]);
(Hsphere{10.6},1.327942[1.30743,7.786455,-26.72824]);
(Hsphere{10.6},1.332825[1.346483,7.954391,-26.75299]);
(Hsphere{10.6},1.338501[1.383902,8.121295,-26.77699]);
(Hsphere{10.6},1.342651[1.424847,8.31362,-26.80397]);
(Hsphere{10.6},1.348389[1.45269,8.452527,-26.82306]);
(Hsphere{10.6},1.352539[1.488529,8.645452,-26.8491]);
(Hsphere{10.6},1.357544[1.512233,8.78554,-26.86772]);
(Hsphere{10.6},1.362244[1.53765,8.95266,-26.88966]);
(Hsphere{10.6},1.367554[1.558239,9.108124,-26.90987]);
(Hsphere{10.6},1.372009[1.579053,9.284484,-26.93244]);
(Hsphere{10.6},1.376953[1.595941,9.433376,-26.95098]);
(Hsphere{10.6},1.381836[1.613578,9.59516,-26.97058]);
(Hsphere{10.6},1.387451[1.630244,9.756464,-26.98949]);
(Hsphere{10.6},1.391602[1.647431,9.941329,-27.01002]);
(Hsphere{10.6},1.3974[1.659426,10.07764,-27.02459]);
(Hsphere{10.6},1.401428[1.675064,10.26647,-27.04394]);
(Hsphere{10.6},1.406372[1.685283,10.39821,-27.05685]);
(Hsphere{10.6},1.411377[1.697086,10.56062,-27.07207]);
(Hsphere{10.6},1.416138[1.708088,10.72454,-27.08662]);
(Hsphere{10.6},1.421387[1.717626,10.87954,-27.09961]);
(Hsphere{10.6},1.425903[1.727235,11.05283,-27.11332]);
(Hsphere{10.6},1.431458[1.734367,11.20026,-27.12454]);
(Hsphere{10.6},1.43573[1.74167,11.3792,-27.13766]);
(Hsphere{10.6},1.441467[1.7463,11.51806,-27.14745]);
(Hsphere{10.6},1.445557[1.751001,11.70207,-27.15993]);
}
