grabnaper:2{
(Hsphere{5.8},0.7888794[7.65551,24.28108,4.791199]);
(Hsphere{5.8},0.7937927[7.645264,24.39125,4.279278]);
(Hsphere{5.8},0.7987976[7.578418,24.53078,3.626343]);
(Hsphere{5.8},0.8035889[7.423179,24.69263,2.87418]);
(Hsphere{5.8},0.8088074[7.155087,24.86727,2.045546]);
(Hsphere{5.8},0.813385[6.675651,25.06517,1.008618]);
(Hsphere{5.8},0.8182983[6.090703,25.20266,0.05454007]);
(Hsphere{5.8},0.823822[5.350405,25.27645,-0.8938603]);
(Hsphere{5.8},0.8280945[4.362599,25.27745,-1.886017]);
(Hsphere{5.8},0.8329773[3.572528,25.2116,-2.524398]);
(Hsphere{5.8},0.8378906[2.75438,25.08864,-3.069413]);
(Hsphere{5.8},0.8428345[2.013032,24.94273,-3.479897]);
(Hsphere{5.8},0.8476868[1.440484,24.80789,-3.738142]);
(Hsphere{5.8},0.8528442[1.117664,24.72462,-3.842638]);
(Hsphere{5.8},0.8574829[0.9894372,24.69533,-3.854105]);
(Hsphere{5.8},0.8623962[1.015393,24.71387,-3.809133]);
(Hsphere{5.8},0.8682251[1.131143,24.76154,-3.72536]);
(Hsphere{5.8},0.8721924[1.313606,24.83332,-3.606415]);
}
