grabfrontl:6{
(Hsphere{15.4},0.8967285[-39.76975,17.34787,-17.27757]);
(Hsphere{15.4},0.9016113[-39.76471,16.82023,-16.58622]);
(Hsphere{15.4},0.9064941[-39.74606,16.30725,-15.85648]);
(Hsphere{15.4},0.9122925[-39.71801,15.81138,-15.08784]);
(Hsphere{15.4},0.9170532[-39.67228,15.24353,-14.13179]);
(Hsphere{15.4},0.9212036[-39.61994,14.78601,-13.31324]);
(Hsphere{15.4},0.9261475[-39.56354,14.3881,-12.56198]);
(Hsphere{15.4},0.9310303[-39.48729,13.93319,-11.65314]);
(Hsphere{15.4},0.9360352[-39.41444,13.4782,-10.70812]);
(Hsphere{15.4},0.9407959[-39.3297,13.03043,-9.711642]);
(Hsphere{15.4},0.9457397[-39.24029,12.62357,-8.738178]);
(Hsphere{15.4},0.9510498[-39.13976,12.22574,-7.711001]);
(Hsphere{15.4},0.9555054[-39.02093,11.81886,-6.565452]);
(Hsphere{15.4},0.9604492[-38.91356,11.49914,-5.581001]);
(Hsphere{15.4},0.9660645[-38.78796,11.17345,-4.480582]);
(Hsphere{15.4},0.9702148[-38.63352,10.83216,-3.179093]);
(Hsphere{15.4},0.9752197[-38.51451,10.60652,-2.181242]);
(Hsphere{15.4},0.9802246[-38.36065,10.36231,-0.9281912]);
(Hsphere{15.4},0.9849243[-38.19267,10.15052,0.3612098]);
(Hsphere{15.4},0.9898071[-38.01772,9.979074,1.600557]);
(Hsphere{15.4},0.9946899[-37.80762,9.82136,2.94526]);
(Hsphere{15.4},0.9996338[-37.56545,9.685653,4.329134]);
(Hsphere{15.4},1.004517[-37.28627,9.57115,5.746649]);
(Hsphere{15.4},1.009399[-36.96591,9.477385,7.192163]);
(Hsphere{15.4},1.015198[-36.60038,9.4039,8.659966]);
(Hsphere{15.4},1.019226[-36.10596,9.341552,10.40992]);
(Hsphere{15.4},1.024475[-35.71976,9.31123,11.63767]);
(Hsphere{15.4},1.028992[-35.16271,9.274895,13.2617]);
(Hsphere{15.4},1.034729[-34.62489,9.251556,14.65643]);
(Hsphere{15.4},1.038818[-33.86183,9.231988,16.42605]);
(Hsphere{15.4},1.043701[-33.25455,9.225988,17.70299]);
(Hsphere{15.4},1.048767[-32.47188,9.242131,19.23271]);
(Hsphere{15.4},1.053528[-31.60234,9.284074,20.80433]);
(Hsphere{15.4},1.058716[-30.7126,9.34301,22.29189]);
(Hsphere{15.4},1.063293[-29.66555,9.42338,23.9066]);
(Hsphere{15.4},1.068237[-28.6754,9.504486,25.31338]);
(Hsphere{15.4},1.07312[-27.55483,9.597082,26.78151]);
(Hsphere{15.4},1.078003[-26.36949,9.692094,28.20828]);
(Hsphere{15.4},1.082947[-25.12337,9.78588,29.58484]);
(Hsphere{15.4},1.08783[-23.82148,9.875245,30.90336]);
(Hsphere{15.4},1.092712[-22.46993,9.957407,32.15691]);
(Hsphere{15.4},1.097656[-21.0759,10.0301,33.33967]);
(Hsphere{15.4},1.102661[-19.65402,10.09385,34.44526]);
(Hsphere{15.4},1.107422[-18.17649,10.14694,35.48942]);
(Hsphere{15.4},1.112366[-16.74481,10.18537,36.40835]);
(Hsphere{15.4},1.117249[-15.24982,10.21197,37.27913]);
(Hsphere{15.4},1.122803[-13.80276,10.23125,38.05388]);
(Hsphere{15.4},1.127014[-12.16291,10.2483,38.86204]);
(Hsphere{15.4},1.13208[-10.94379,10.25713,39.41775]);
(Hsphere{15.4},1.136841[-9.517963,10.26106,40.0206]);
(Hsphere{15.4},1.141785[-8.20568,10.2513,40.52612]);
(Hsphere{15.4},1.146606[-6.860282,10.22738,40.99744]);
(Hsphere{15.4},1.152039[-5.586255,10.19237,41.40302]);
(Hsphere{15.4},1.156433[-4.191533,10.14093,41.80527]);
(Hsphere{15.4},1.161804[-3.110402,10.092,42.08961]);
(Hsphere{15.4},1.166809[-1.821923,10.02374,42.40046]);
(Hsphere{15.4},1.171143[-0.6693416,9.953892,42.65597]);
(Hsphere{15.4},1.176086[0.2859173,9.889891,42.85428]);
(Hsphere{15.4},1.181091[1.333031,9.813546,43.06087]);
(Hsphere{15.4},1.186279[2.340124,9.734285,43.25277]);
(Hsphere{15.4},1.190735[3.334037,9.650679,43.44064]);
(Hsphere{15.4},1.196289[4.131316,9.580873,43.59624]);
(Hsphere{15.4},1.2005[5.087753,9.495962,43.79666]);
(Hsphere{15.4},1.205444[5.770296,9.435989,43.95419]);
(Hsphere{15.4},1.210327[6.522891,9.373694,44.14171]);
(Hsphere{15.4},1.215332[7.252154,9.313206,44.31934]);
(Hsphere{15.4},1.220337[7.983262,9.247093,44.4977]);
(Hsphere{15.4},1.225037[8.709671,9.176676,44.67444]);
(Hsphere{15.4},1.229919[9.37939,9.108865,44.82198]);
(Hsphere{15.4},1.234802[10.07519,9.034877,44.9605]);
(Hsphere{15.4},1.239746[10.77999,8.958202,45.09457]);
(Hsphere{15.4},1.244629[11.49615,8.881768,45.22319]);
(Hsphere{15.4},1.249512[12.21231,8.812401,45.32218]);
(Hsphere{15.4},1.254395[12.94044,8.751184,45.40673]);
(Hsphere{15.4},1.259338[13.68608,8.701345,45.48132]);
(Hsphere{15.4},1.264343[14.45565,8.667311,45.54398]);
(Hsphere{15.4},1.269409[15.23569,8.654215,45.56771]);
(Hsphere{15.4},1.274048[16.01313,8.655716,45.57049]);
(Hsphere{15.4},1.279419[16.71555,8.670928,45.55314]);
(Hsphere{15.4},1.283813[17.51841,8.708076,45.50455]);
(Hsphere{15.4},1.289429[18.16374,8.764328,45.44196]);
(Hsphere{15.4},1.29364[18.95718,8.868793,45.34348]);
(Hsphere{15.4},1.298523[19.53308,8.970552,45.25463]);
(Hsphere{15.4},1.303406[20.18443,9.11339,45.13524]);
(Hsphere{15.4},1.308289[20.81285,9.280186,44.9985]);
(Hsphere{15.4},1.313232[21.40743,9.466301,44.84349]);
(Hsphere{15.4},1.318115[21.96566,9.668208,44.67027]);
(Hsphere{15.4},1.322998[22.49831,9.883162,44.48544]);
(Hsphere{15.4},1.327942[22.99754,10.10665,44.28601]);
(Hsphere{15.4},1.332825[23.45589,10.33366,44.06941]);
(Hsphere{15.4},1.337708[23.87249,10.55963,43.83643]);
(Hsphere{15.4},1.34259[24.26373,10.79727,43.587]);
(Hsphere{15.4},1.348083[24.65172,11.07097,43.31981]);
(Hsphere{15.4},1.352417[25.07317,11.41757,43.00172]);
(Hsphere{15.4},1.358093[25.39718,11.72651,42.72977]);
(Hsphere{15.4},1.362244[25.78685,12.17136,42.33931]);
(Hsphere{15.4},1.367126[26.05302,12.52629,42.03711]);
(Hsphere{15.4},1.372009[26.34194,12.9748,41.66419]);
(Hsphere{15.4},1.376892[26.59969,13.45297,41.27531]);
(Hsphere{15.4},1.381836[26.82297,13.9582,40.87213]);
(Hsphere{15.4},1.386719[27.00894,14.48759,40.45657]);
(Hsphere{15.4},1.391602[27.1553,15.03793,40.03072]);
(Hsphere{15.4},1.396851[27.26035,15.6057,39.59694]);
(Hsphere{15.4},1.401428[27.32579,16.22879,39.12636]);
(Hsphere{15.4},1.406311[27.34265,16.77843,38.71542]);
(Hsphere{15.4},1.411194[27.31951,17.37557,38.27291]);
(Hsphere{15.4},1.416138[27.26929,17.9692,37.84054]);
(Hsphere{15.4},1.421814[27.17722,18.53805,37.42077]);
(Hsphere{15.4},1.425903[27.01676,19.16048,36.95188]);
(Hsphere{15.4},1.431091[26.86699,19.58662,36.62442]);
(Hsphere{15.4},1.43573[26.68055,20.08935,36.25243]);
(Hsphere{15.4},1.440613[26.48848,20.51235,35.93746]);
(Hsphere{15.4},1.445496[26.26443,20.92609,35.62643]);
}
