grabfrontl:10{
(Hsphere{25},0.8967285[-66.28291,28.8479,-28.79601]);
(Hsphere{25},0.9016113[-66.27452,27.96853,-27.64372]);
(Hsphere{25},0.9073486[-66.24343,27.11355,-26.42745]);
(Hsphere{25},0.911377[-66.18806,26.15535,-24.93143]);
(Hsphere{25},0.916626[-66.13433,25.4842,-23.80151]);
(Hsphere{25},0.9212646[-66.04184,24.64534,-22.3121]);
(Hsphere{25},0.9263916[-65.93923,23.91495,-20.93668]);
(Hsphere{25},0.9310303[-65.80635,23.11729,-19.34239]);
(Hsphere{25},0.9366455[-65.69106,22.40034,-17.85103]);
(Hsphere{25},0.9407959[-65.53294,21.57204,-16.00035]);
(Hsphere{25},0.9464111[-65.40048,20.97407,-14.56367]);
(Hsphere{25},0.9505615[-65.20953,20.22541,-12.62025]);
(Hsphere{25},0.9555664[-65.05135,19.68545,-11.09703]);
(Hsphere{25},0.9605713[-64.85256,19.09062,-9.271513]);
(Hsphere{25},0.965332[-64.63838,18.53742,-7.397245]);
(Hsphere{25},0.9705811[-64.42391,18.05973,-5.590834]);
(Hsphere{25},0.9750977[-64.17139,17.57837,-3.473817]);
(Hsphere{25},0.9805908[-63.94139,17.21523,-1.602461]);
(Hsphere{25},0.9848633[-63.63218,16.82783,0.7663757]);
(Hsphere{25},0.9898682[-63.36289,16.56656,2.667536]);
(Hsphere{25},0.994751[-63.01273,16.3037,4.908681]);
(Hsphere{25},0.9996338[-62.60908,16.07754,7.215189]);
(Hsphere{25},1.004639[-62.14381,15.88669,9.577676]);
(Hsphere{25},1.009399[-61.59507,15.72686,12.04985]);
(Hsphere{25},1.014648[-61.00066,15.60793,14.43316]);
(Hsphere{25},1.019165[-60.25998,15.51208,17.07201]);
(Hsphere{25},1.024536[-59.53295,15.45348,19.39604]);
(Hsphere{25},1.029053[-58.59903,15.39265,22.11781]);
(Hsphere{25},1.033936[-57.70817,15.35403,24.42734]);
(Hsphere{25},1.038818[-56.62475,15.3249,26.96137]);
(Hsphere{25},1.043701[-55.42428,15.31141,29.50493]);
(Hsphere{25},1.048584[-54.11982,15.33831,32.05444]);
(Hsphere{25},1.053589[-52.70989,15.40596,34.6055]);
(Hsphere{25},1.058472[-51.159,15.50847,37.19925]);
(Hsphere{25},1.063599[-49.54767,15.63196,39.6887]);
(Hsphere{25},1.068237[-47.68197,15.78471,42.3394]);
(Hsphere{25},1.073608[-45.92471,15.9299,44.63585]);
(Hsphere{25},1.078003[-43.73974,16.10457,47.25425]);
(Hsphere{25},1.082886[-41.87232,16.24456,49.30804]);
(Hsphere{25},1.087769[-39.70252,16.39352,51.50555]);
(Hsphere{25},1.092773[-37.44992,16.53044,53.59481]);
(Hsphere{25},1.097656[-35.12658,16.65157,55.56607]);
(Hsphere{25},1.102539[-32.74863,16.75815,57.41476]);
(Hsphere{25},1.107544[-30.34802,16.84462,59.11276]);
(Hsphere{25},1.112305[-27.85689,16.91152,60.71185]);
(Hsphere{25},1.11731[-25.44752,16.95427,62.11456]);
(Hsphere{25},1.12207[-22.98572,16.98708,63.43287]);
(Hsphere{25},1.127075[-20.59879,17.01235,64.61503]);
(Hsphere{25},1.131958[-18.23973,17.02995,65.69622]);
(Hsphere{25},1.136841[-15.9351,17.03667,66.67199]);
(Hsphere{25},1.141724[-13.67613,17.02027,67.54353]);
(Hsphere{25},1.146606[-11.46603,16.98115,68.3183]);
(Hsphere{25},1.151489[-9.310481,16.92206,69.00504]);
(Hsphere{25},1.156372[-7.214865,16.84573,69.61245]);
(Hsphere{25},1.161499[-5.184002,16.75476,70.14936]);
(Hsphere{25},1.16626[-3.136835,16.6467,70.64429]);
(Hsphere{25},1.171143[-1.334336,16.53851,71.0464]);
(Hsphere{25},1.176025[0.4764775,16.41791,71.42381]);
(Hsphere{25},1.181641[2.206245,16.29189,71.76512]);
(Hsphere{25},1.185791[4.068828,16.1448,72.11976]);
(Hsphere{25},1.19104[5.408723,16.03198,72.37286]);
(Hsphere{25},1.195557[6.975637,15.89492,72.67849]);
(Hsphere{25},1.200562[8.287983,15.77835,72.95247]);
(Hsphere{25},1.206421[9.640622,15.65933,73.26268]);
(Hsphere{25},1.210571[11.10808,15.53872,73.62708]);
(Hsphere{25},1.21521[12.1565,15.45074,73.88251]);
(Hsphere{25},1.220581[13.28065,15.34892,74.15679]);
(Hsphere{25},1.224976[14.57494,15.22338,74.47163]);
(Hsphere{25},1.229858[15.63229,15.11622,74.70329]);
(Hsphere{25},1.235596[16.79194,14.99289,74.93414]);
(Hsphere{25},1.239746[18.14562,14.84571,75.19063]);
(Hsphere{25},1.244629[19.16022,14.73773,75.372]);
(Hsphere{25},1.249512[20.35382,14.6221,75.53695]);
(Hsphere{25},1.254395[21.56734,14.52011,75.67788]);
(Hsphere{25},1.259399[22.81013,14.43701,75.80221]);
(Hsphere{25},1.26416[24.11117,14.3798,75.90743]);
(Hsphere{25},1.269165[25.35772,14.35873,75.94558]);
(Hsphere{25},1.274414[26.62164,14.36018,75.95148]);
(Hsphere{25},1.278931[27.96169,14.38964,75.91776]);
(Hsphere{25},1.284424[29.07754,14.44034,75.85109]);
(Hsphere{25},1.288696[30.41957,14.55804,75.72046]);
(Hsphere{25},1.294434[31.43412,14.69127,75.59482]);
(Hsphere{25},1.298462[32.7367,14.92205,75.39329]);
(Hsphere{25},1.303467[33.64072,15.12375,75.2254]);
(Hsphere{25},1.30835[34.68805,15.40175,74.9975]);
(Hsphere{25},1.313232[35.67903,15.71193,74.73915]);
(Hsphere{25},1.318115[36.61337,16.04998,74.44913]);
(Hsphere{25},1.322998[37.49718,16.40671,74.14241]);
(Hsphere{25},1.328247[38.32924,16.77918,73.81002]);
(Hsphere{25},1.332764[39.14277,17.18342,73.42336]);
(Hsphere{25},1.338257[39.78748,17.53415,73.06071]);
(Hsphere{25},1.342651[40.51069,17.97717,72.59776]);
(Hsphere{25},1.347534[41.08618,18.38636,72.19969]);
(Hsphere{25},1.353271[41.71919,18.90273,71.72442]);
(Hsphere{25},1.3573[42.42942,19.58577,71.12096]);
(Hsphere{25},1.362183[42.89453,20.11743,70.65446]);
(Hsphere{25},1.367065[43.4217,20.81188,70.06187]);
(Hsphere{25},1.37207[43.90321,21.55941,69.44033]);
(Hsphere{25},1.376953[44.33279,22.35633,68.79222]);
(Hsphere{25},1.381836[44.70494,23.19839,68.12025]);
(Hsphere{25},1.387329[45.01912,24.09456,67.41685]);
(Hsphere{25},1.391846[45.28622,25.12267,66.62212]);
(Hsphere{25},1.396484[45.44196,26.00006,65.95251]);
(Hsphere{25},1.401855[45.53828,26.91334,65.26274]);
(Hsphere{25},1.406372[45.57042,27.99909,64.45108]);
(Hsphere{25},1.411255[45.53171,28.90499,63.7801]);
(Hsphere{25},1.41626[45.44881,29.88334,63.0676]);
(Hsphere{25},1.421021[45.29014,30.85674,62.34915]);
(Hsphere{25},1.426025[45.06956,31.73203,61.69059]);
(Hsphere{25},1.430786[44.77125,32.59969,61.02538]);
(Hsphere{25},1.436035[44.4842,33.3767,60.45066]);
(Hsphere{25},1.440674[44.12464,34.16778,59.86153]);
(Hsphere{25},1.446045[43.77404,34.81158,59.37738]);
}
