grabbackr:5{
(Hsphere{13},1.014343[34.12633,24.9737,3.082797]);
(Hsphere{13},1.019226[34.42803,25.05387,2.220554]);
(Hsphere{13},1.024109[34.74903,25.09608,1.151133]);
(Hsphere{13},1.028992[35.0324,25.05612,-0.03857745]);
(Hsphere{13},1.033936[35.25725,24.89846,-1.383847]);
(Hsphere{13},1.039673[35.39475,24.58732,-2.922102]);
(Hsphere{13},1.043701[35.38686,23.97044,-5.033223]);
(Hsphere{13},1.048706[35.22846,23.35702,-6.703416]);
(Hsphere{13},1.053528[34.80156,22.37185,-8.987815]);
(Hsphere{13},1.058716[34.09479,21.18781,-11.35777]);
(Hsphere{13},1.063293[32.93563,19.64789,-14.05199]);
(Hsphere{13},1.069092[31.56213,18.13194,-16.422]);
(Hsphere{13},1.073914[29.3653,16.0915,-19.28461]);
(Hsphere{13},1.078735[27.17706,14.35713,-21.46801]);
(Hsphere{13},1.082947[24.72034,12.65584,-23.3919]);
(Hsphere{13},1.08783[22.43186,11.25078,-24.80818]);
(Hsphere{13},1.092712[19.61647,9.715252,-26.16792]);
(Hsphere{13},1.097595[16.77549,8.350514,-27.19557]);
(Hsphere{13},1.1026[14.02192,7.185707,-27.92]);
(Hsphere{13},1.107422[11.42936,6.221477,-28.39934]);
(Hsphere{13},1.11261[9.209888,5.495042,-28.68643]);
(Hsphere{13},1.117249[7.25092,4.932145,-28.87841]);
(Hsphere{13},1.12262[5.848395,4.572205,-28.99013]);
(Hsphere{13},1.127014[4.539485,4.260097,-29.10513]);
(Hsphere{13},1.132629[3.71398,4.071821,-29.20522]);
(Hsphere{13},1.137512[2.928205,3.893283,-29.35588]);
(Hsphere{13},1.141724[2.451704,3.779339,-29.51172]);
(Hsphere{13},1.147278[2.165484,3.703321,-29.66429]);
(Hsphere{13},1.15155[1.926201,3.626824,-29.8847]);
(Hsphere{13},1.157288[1.818388,3.581668,-30.06456]);
(Hsphere{13},1.161926[1.736676,3.536186,-30.30916]);
(Hsphere{13},1.16626[1.686162,3.508807,-30.50313]);
(Hsphere{13},1.171143[1.621439,3.488814,-30.67265]);
(Hsphere{13},1.176086[1.533669,3.481027,-30.85282]);
(Hsphere{13},1.180908[1.46048,3.500377,-31.03296]);
(Hsphere{13},1.185974[1.394963,3.542732,-31.2024]);
(Hsphere{13},1.190735[1.323452,3.607639,-31.36515]);
(Hsphere{13},1.195679[1.2582,3.685456,-31.50475]);
(Hsphere{13},1.2005[1.19614,3.785313,-31.64289]);
(Hsphere{13},1.205444[1.141782,3.898615,-31.76879]);
(Hsphere{13},1.210327[1.097312,4.034961,-31.88896]);
(Hsphere{13},1.216064[1.068406,4.196851,-32.00146]);
(Hsphere{13},1.220093[1.040763,4.40361,-32.12442]);
(Hsphere{13},1.225403[1.025116,4.560457,-32.20611]);
(Hsphere{13},1.229919[1.0094,4.777057,-32.30645]);
(Hsphere{13},1.234802[1.000161,4.969813,-32.38602]);
(Hsphere{13},1.240601[0.9942056,5.188801,-32.46755]);
(Hsphere{13},1.245239[0.9925192,5.458326,-32.55741]);
(Hsphere{13},1.249512[0.9952709,5.680396,-32.62436]);
(Hsphere{13},1.254395[1.000955,5.888784,-32.68235]);
(Hsphere{13},1.259338[1.011197,6.132387,-32.74513]);
(Hsphere{13},1.264221[1.025407,6.379087,-32.80406]);
(Hsphere{13},1.269104[1.043632,6.627578,-32.85947]);
(Hsphere{13},1.274048[1.065953,6.87657,-32.91174]);
(Hsphere{13},1.278931[1.092497,7.124772,-32.96122]);
(Hsphere{13},1.283813[1.123429,7.370882,-33.00829]);
(Hsphere{13},1.288696[1.158984,7.613553,-33.05332]);
(Hsphere{13},1.29364[1.199425,7.851499,-33.0967]);
(Hsphere{13},1.298645[1.245065,8.083342,-33.13883]);
(Hsphere{13},1.30365[1.296841,8.312824,-33.18079]);
(Hsphere{13},1.30835[1.350316,8.538952,-33.22113]);
(Hsphere{13},1.31366[1.400959,8.748715,-33.25737]);
(Hsphere{13},1.318115[1.458395,8.983715,-33.29672]);
(Hsphere{13},1.323669[1.506555,9.180023,-33.3286]);
(Hsphere{13},1.328003[1.565032,9.419585,-33.36635]);
(Hsphere{13},1.333069[1.610428,9.608087,-33.39521]);
(Hsphere{13},1.337708[1.661062,9.822914,-33.42725]);
(Hsphere{13},1.343018[1.706379,10.02126,-33.4561]);
(Hsphere{13},1.347534[1.755516,10.24571,-33.48797]);
(Hsphere{13},1.353027[1.794605,10.43403,-33.51414]);
(Hsphere{13},1.3573[1.839449,10.66521,-33.54564]);
(Hsphere{13},1.363037[1.871271,10.84331,-33.5695]);
(Hsphere{13},1.367126[1.909678,11.0817,-33.60099]);
(Hsphere{13},1.372253[1.933639,11.2502,-33.623]);
(Hsphere{13},1.376892[1.959997,11.46284,-33.65051]);
(Hsphere{13},1.381836[1.982322,11.65525,-33.67485]);
(Hsphere{13},1.386841[2.004802,11.85672,-33.69966]);
(Hsphere{13},1.391602[2.026658,12.06149,-33.72413]);
(Hsphere{13},1.396545[2.046009,12.25772,-33.7466]);
(Hsphere{13},1.401428[2.064352,12.45881,-33.76865]);
(Hsphere{13},1.406311[2.081416,12.65674,-33.7895]);
(Hsphere{13},1.411194[2.09758,12.85604,-33.80963]);
(Hsphere{13},1.416138[2.112698,13.05521,-33.82886]);
(Hsphere{13},1.421021[2.126745,13.25451,-33.84715]);
(Hsphere{13},1.425964[2.139706,13.45401,-33.86449]);
(Hsphere{13},1.430847[2.151628,13.65458,-33.88092]);
(Hsphere{13},1.435974[2.162165,13.85329,-33.89641]);
(Hsphere{13},1.440613[2.171649,14.06104,-33.91201]);
(Hsphere{13},1.44574[2.178872,14.2495,-33.92564]);
(Hsphere{13},1.450439[2.185183,14.4544,-33.93992]);
(Hsphere{13},1.456055[2.18954,14.64206,-33.95248]);
}
