grabfrontl:3{
(Hsphere{8.200001},0.7692871[-19.88313,8.493834,-8.340313]);
(Hsphere{8.200001},0.7749634[-19.87255,8.19275,-7.91366]);
(Hsphere{8.200001},0.7791138[-19.85247,7.858757,-7.386124]);
(Hsphere{8.200001},0.7839966[-19.83116,7.622211,-6.981038]);
(Hsphere{8.200001},0.7888794[-19.79699,7.345936,-6.477811]);
(Hsphere{8.200001},0.7939453[-19.75437,7.076963,-5.951882]);
(Hsphere{8.200001},0.7987061[-19.70943,6.800759,-5.381356]);
(Hsphere{8.200001},0.8036499[-19.66287,6.554539,-4.833593]);
(Hsphere{8.200001},0.8084717[-19.60727,6.307102,-4.234629]);
(Hsphere{8.200001},0.8136597[-19.54769,6.082191,-3.637702]);
(Hsphere{8.200001},0.8182983[-19.47732,5.857235,-2.976279]);
(Hsphere{8.200001},0.8236694[-19.40936,5.673351,-2.372772]);
(Hsphere{8.200001},0.828064[-19.32373,5.479275,-1.648227]);
(Hsphere{8.200001},0.8330078[-19.24963,5.338912,-1.027316]);
(Hsphere{8.200001},0.8378906[-19.16046,5.202621,-0.3075446]);
(Hsphere{8.200001},0.8427734[-19.06071,5.086654,0.4398076]);
(Hsphere{8.200001},0.8476563[-18.94525,4.988082,1.216169]);
(Hsphere{8.200001},0.8526001[-18.80905,4.904823,2.020856]);
(Hsphere{8.200001},0.857605[-18.64706,4.835878,2.85449]);
(Hsphere{8.200001},0.8626099[-18.45342,4.780655,3.72063]);
(Hsphere{8.200001},0.8673096[-18.2281,4.739956,4.597643]);
(Hsphere{8.200001},0.8721924[-17.98311,4.713648,5.432337]);
(Hsphere{8.200001},0.8776245[-17.69522,4.692921,6.311741]);
(Hsphere{8.200001},0.881958[-17.32674,4.675216,7.292899]);
(Hsphere{8.200001},0.8876343[-16.98743,4.665964,8.088405]);
(Hsphere{8.200001},0.8917847[-16.49457,4.663188,9.11749]);
(Hsphere{8.200001},0.8966675[-16.09393,4.675721,9.879955]);
(Hsphere{8.200001},0.9016113[-15.58137,4.704771,10.77675]);
(Hsphere{8.200001},0.9064941[-15.02113,4.745695,11.67077]);
(Hsphere{8.200001},0.911377[-14.4129,4.79494,12.55333]);
(Hsphere{8.200001},0.9162598[-13.75818,4.849039,13.41488]);
(Hsphere{8.200001},0.9212646[-13.0591,4.904715,14.24778]);
(Hsphere{8.200001},0.9260864[-12.30485,4.960063,15.05944]);
(Hsphere{8.200001},0.9313354[-11.54194,5.009673,15.8006]);
(Hsphere{8.200001},0.9359131[-10.67122,5.057496,16.56078]);
(Hsphere{8.200001},0.9413452[-9.904327,5.092681,17.165]);
(Hsphere{8.200001},0.9456787[-8.954261,5.126474,17.83406]);
(Hsphere{8.200001},0.9514771[-8.196347,5.145339,18.31063]);
(Hsphere{8.200001},0.9555054[-7.179151,5.161073,18.88175]);
(Hsphere{8.200001},0.9603882[-6.478814,5.169291,19.23967]);
(Hsphere{8.200001},0.9653931[-5.638123,5.176463,19.63494]);
(Hsphere{8.200001},0.9702759[-4.807886,5.179533,19.99051]);
(Hsphere{8.200001},0.9750977[-4.01811,5.173455,20.29402]);
(Hsphere{8.200001},0.9807129[-3.262089,5.158568,20.55408]);
(Hsphere{8.200001},0.9854736[-2.397375,5.131328,20.81821]);
(Hsphere{8.200001},0.9898071[-1.703881,5.102031,21.00683]);
(Hsphere{8.200001},0.9954224[-1.089188,5.070771,21.15866]);
(Hsphere{8.200001},0.9995728[-0.3201227,5.024936,21.33109]);
(Hsphere{8.200001},1.00531[0.213558,4.98891,21.44136]);
(Hsphere{8.200001},1.009399[0.9142279,4.936563,21.57791]);
(Hsphere{8.200001},1.015198[1.381975,4.898564,21.66635]);
(Hsphere{8.200001},1.019165[2.006474,4.844587,21.78631]);
(Hsphere{8.200001},1.024109[2.413204,4.808511,21.86995]);
(Hsphere{8.200001},1.028992[2.885657,4.766878,21.97722]);
(Hsphere{8.200001},1.03479[3.322474,4.730919,22.0857]);
(Hsphere{8.200001},1.038818[3.825329,4.687837,22.20828]);
(Hsphere{8.200001},1.044128[4.16732,4.655719,22.29166]);
(Hsphere{8.200001},1.048584[4.617009,4.610861,22.39619]);
(Hsphere{8.200001},1.053467[4.987077,4.571819,22.47037]);
(Hsphere{8.200001},1.059143[5.399844,4.526966,22.54911]);
(Hsphere{8.200001},1.063293[5.88538,4.475941,22.63289]);
(Hsphere{8.200001},1.068176[6.240694,4.443211,22.67735]);
(Hsphere{8.200001},1.073059[6.672058,4.410102,22.72435]);
(Hsphere{8.200001},1.078125[7.116061,4.386476,22.76377]);
(Hsphere{8.200001},1.082886[7.578723,4.376378,22.78312]);
(Hsphere{8.200001},1.088135[8.008288,4.376803,22.78522]);
(Hsphere{8.200001},1.092712[8.475943,4.388532,22.77136]);
(Hsphere{8.200001},1.098145[8.869795,4.411206,22.74236]);
(Hsphere{8.200001},1.102478[9.332098,4.461699,22.69143]);
(Hsphere{8.200001},1.107361[9.68368,4.518399,22.64092]);
(Hsphere{8.200001},1.112305[10.06713,4.599598,22.57255]);
(Hsphere{8.200001},1.117188[10.43523,4.697418,22.49232]);
(Hsphere{8.200001},1.122375[10.77996,4.8083,22.39954]);
(Hsphere{8.200001},1.126953[11.12114,4.937727,22.28782]);
(Hsphere{8.200001},1.132385[11.40409,5.058452,22.18283]);
(Hsphere{8.200001},1.13678[11.70823,5.205563,22.04476]);
(Hsphere{8.200001},1.142395[11.92742,5.323765,21.92357]);
(Hsphere{8.200001},1.146606[12.19105,5.487196,21.75388]);
(Hsphere{8.200001},1.151489[12.38337,5.628997,21.61809]);
(Hsphere{8.200001},1.156372[12.6033,5.818673,21.44686]);
(Hsphere{8.200001},1.161255[12.80921,6.033651,21.25735]);
(Hsphere{8.200001},1.166443[12.99848,6.272648,21.05182]);
(Hsphere{8.200001},1.171082[13.17824,6.548675,20.82194]);
(Hsphere{8.200001},1.175964[13.31904,6.815216,20.60564]);
(Hsphere{8.200001},1.181763[13.44461,7.11499,20.36745]);
(Hsphere{8.200001},1.185791[13.55917,7.489702,20.07557]);
(Hsphere{8.200001},1.191467[13.61555,7.759451,19.86872]);
(Hsphere{8.200001},1.195557[13.66226,8.153797,19.57034]);
(Hsphere{8.200001},1.2005[13.6713,8.44486,19.35271]);
(Hsphere{8.200001},1.205383[13.65504,8.794918,19.09354]);
(Hsphere{8.200001},1.210266[13.6204,9.139389,18.84262]);
(Hsphere{8.200001},1.21521[13.5547,9.465319,18.60003]);
(Hsphere{8.200001},1.220093[13.46066,9.770459,18.36768]);
(Hsphere{8.200001},1.225159[13.35567,10.05581,18.15424]);
(Hsphere{8.200001},1.229858[13.23368,10.32622,17.95293]);
(Hsphere{8.200001},1.235107[13.10534,10.55665,17.77936]);
}
