grab_head_front_r:5{
(Hsphere{13},1.127258[11.0137,49.48377,20.55572]);
(Hsphere{13},1.131897[10.69363,49.69283,20.44491]);
(Hsphere{13},1.137024[10.41184,49.8809,20.33991]);
(Hsphere{13},1.141663[10.10693,50.08928,20.21816]);
(Hsphere{13},1.147156[9.836726,50.27872,20.10293]);
(Hsphere{13},1.151489[9.527484,50.50187,19.96223]);
(Hsphere{13},1.156372[9.29035,50.67691,19.84789]);
(Hsphere{13},1.161255[9.024912,50.87379,19.71382]);
(Hsphere{13},1.16626[8.764128,51.06881,19.57574]);
(Hsphere{13},1.171265[8.505392,51.26461,19.43226]);
(Hsphere{13},1.175964[8.250225,51.46078,19.28424]);
(Hsphere{13},1.180969[8.014672,51.64531,19.14158]);
(Hsphere{13},1.186218[7.77389,51.83821,18.98949]);
(Hsphere{13},1.190918[7.52621,52.04235,18.82592]);
(Hsphere{13},1.195557[7.316417,52.22118,18.67828]);
(Hsphere{13},1.2005[7.119678,52.39556,18.53039]);
(Hsphere{13},1.205383[6.924668,52.57681,18.37427]);
(Hsphere{13},1.210266[6.740442,52.75801,18.21756]);
(Hsphere{13},1.215149[6.567455,52.9403,18.06081]);
(Hsphere{13},1.220093[6.405077,53.12477,17.90476]);
(Hsphere{13},1.224976[6.252434,53.31239,17.7503]);
(Hsphere{13},1.229858[6.108639,53.50406,17.59819]);
(Hsphere{13},1.235229[5.97282,53.70055,17.44929]);
(Hsphere{13},1.239685[5.832052,53.92227,17.29071]);
(Hsphere{13},1.244751[5.720952,54.11161,17.16363]);
(Hsphere{13},1.249451[5.600407,54.33457,17.02366]);
(Hsphere{13},1.254761[5.493242,54.54999,16.90033]);
(Hsphere{13},1.259277[5.380557,54.79753,16.77529]);
(Hsphere{13},1.264404[5.289125,55.01775,16.68052]);
(Hsphere{13},1.269043[5.205557,55.29232,16.59386]);
(Hsphere{13},1.274414[5.159025,55.57568,16.53963]);
(Hsphere{13},1.27887[5.139126,55.9404,16.50839]);
(Hsphere{13},1.284424[5.150182,56.27368,16.50759]);
(Hsphere{13},1.288696[5.196554,56.72889,16.53382]);
(Hsphere{13},1.293579[5.253958,57.11082,16.58064]);
(Hsphere{13},1.298462[5.345137,57.58507,16.66481]);
(Hsphere{13},1.303345[5.465502,58.09172,16.77765]);
(Hsphere{13},1.308289[5.609899,58.62965,16.90832]);
(Hsphere{13},1.313171[5.773955,59.19993,17.05622]);
(Hsphere{13},1.318176[5.957055,59.8021,17.2186]);
(Hsphere{13},1.322998[6.161999,60.43792,17.39106]);
(Hsphere{13},1.327942[6.363315,61.04832,17.5617]);
(Hsphere{13},1.332764[6.570375,61.68398,17.74549]);
(Hsphere{13},1.337708[6.761977,62.29786,17.9282]);
(Hsphere{13},1.34259[6.943496,62.9157,18.11387]);
(Hsphere{13},1.347473[7.108478,63.51676,18.29058]);
(Hsphere{13},1.352356[7.253459,64.10611,18.45865]);
(Hsphere{13},1.3573[7.371387,64.67677,18.61513]);
(Hsphere{13},1.362183[7.456153,65.22503,18.75811]);
(Hsphere{13},1.367249[7.501798,65.74799,18.88592]);
(Hsphere{13},1.372253[7.501657,66.25641,18.99967]);
(Hsphere{13},1.377014[7.450114,66.72855,19.09347]);
(Hsphere{13},1.381775[7.366168,67.1581,19.16935]);
(Hsphere{13},1.387268[7.254266,67.56625,19.23187]);
(Hsphere{13},1.391541[7.093581,68.00912,19.28765]);
(Hsphere{13},1.397034[6.943711,68.34129,19.32254]);
(Hsphere{13},1.401733[6.729929,68.73428,19.35352]);
(Hsphere{13},1.40625[6.52477,69.05019,19.36685]);
(Hsphere{13},1.411255[6.311876,69.33248,19.36785]);
(Hsphere{13},1.416077[6.063715,69.62231,19.36167]);
(Hsphere{13},1.420959[5.811443,69.88635,19.34356]);
(Hsphere{13},1.425903[5.548452,70.13507,19.31132]);
(Hsphere{13},1.431213[5.281003,70.36541,19.26525]);
(Hsphere{13},1.435669[4.984285,70.60498,19.20993]);
(Hsphere{13},1.440552[4.740394,70.78775,19.15232]);
(Hsphere{13},1.445496[4.475864,70.97366,19.07663]);
(Hsphere{13},1.450378[4.218477,71.14528,18.99095]);
(Hsphere{13},1.455261[3.968994,71.30794,18.90186]);
(Hsphere{13},1.460144[3.732959,71.45589,18.8018]);
(Hsphere{13},1.465088[3.513005,71.58972,18.69147]);
(Hsphere{13},1.469971[3.309422,71.71458,18.57586]);
(Hsphere{13},1.474854[3.120839,71.83948,18.45642]);
(Hsphere{13},1.479797[2.947723,71.96403,18.32598]);
(Hsphere{13},1.48468[2.789824,72.09026,18.18376]);
(Hsphere{13},1.489563[2.643593,72.22351,18.03343]);
(Hsphere{13},1.494446[2.505131,72.35914,17.87965]);
(Hsphere{13},1.499451[2.372498,72.4973,17.71919]);
(Hsphere{13},1.504456[2.243328,72.64091,17.54922]);
(Hsphere{13},1.50946[2.11832,72.79061,17.37104]);
(Hsphere{13},1.514099[1.998451,72.94698,17.18691]);
(Hsphere{13},1.51947[1.890009,73.1005,17.00826]);
(Hsphere{13},1.523865[1.770075,73.28453,16.79649]);
(Hsphere{13},1.52948[1.672067,73.44547,16.61217]);
(Hsphere{13},1.533691[1.548797,73.65863,16.3666]);
(Hsphere{13},1.538574[1.455648,73.82541,16.17172]);
(Hsphere{13},1.544189[1.346199,74.02506,15.93367]);
(Hsphere{13},1.548889[1.217924,74.26054,15.64417]);
(Hsphere{13},1.553589[1.108897,74.45906,15.39106]);
(Hsphere{13},1.558167[0.9957633,74.66113,15.12334]);
(Hsphere{13},1.563416[0.8829096,74.85908,14.84997]);
(Hsphere{13},1.567993[0.7602745,75.08041,14.5303]);
(Hsphere{13},1.573425[0.6596276,75.26912,14.24469]);
(Hsphere{13},1.578003[0.5488244,75.48643,13.89896]);
(Hsphere{13},1.582642[0.4619651,75.66632,13.60174]);
(Hsphere{13},1.588196[0.377635,75.84261,13.29278]);
(Hsphere{13},1.592468[0.2827453,76.04194,12.91749]);
(Hsphere{13},1.597351[0.2138264,76.18736,12.62339]);
(Hsphere{13},1.602295[0.1392006,76.34462,12.28192]);
(Hsphere{13},1.607178[0.06954681,76.49034,11.93912]);
(Hsphere{13},1.612061[0.004623371,76.6253,11.59446]);
(Hsphere{13},1.617004[-0.05456772,76.74773,11.25451]);
(Hsphere{13},1.621887[-0.1094089,76.86075,10.91269]);
}
