grabfrontr:4{
(Hsphere{10.6},0.8526001[26.39311,11.88924,-11.72673]);
(Hsphere{10.6},0.8575592[26.39437,11.48069,-11.2083]);
(Hsphere{10.6},0.8625641[26.38566,11.07706,-10.65362]);
(Hsphere{10.6},0.867569[26.36988,10.67977,-10.05911]);
(Hsphere{10.6},0.8722076[26.34623,10.29223,-9.430298]);
(Hsphere{10.6},0.8775635[26.31786,9.942339,-8.816839]);
(Hsphere{10.6},0.8820038[26.27832,9.551976,-8.074465]);
(Hsphere{10.6},0.8875732[26.24063,9.240977,-7.433239]);
(Hsphere{10.6},0.8917999[26.18746,8.867497,-6.595229]);
(Hsphere{10.6},0.8967133[26.14295,8.597407,-5.935316]);
(Hsphere{10.6},0.9021759[26.08655,8.300019,-5.14705]);
(Hsphere{10.6},0.9065094[26.01361,7.991284,-4.251743]);
(Hsphere{10.6},0.9114075[25.94718,7.764567,-3.533552]);
(Hsphere{10.6},0.9165802[25.86251,7.528464,-2.716763]);
(Hsphere{10.6},0.9212036[25.76242,7.298595,-1.828142]);
(Hsphere{10.6},0.9261017[25.66198,7.104929,-0.9865834]);
(Hsphere{10.6},0.9309998[25.53875,6.910823,-0.04806237]);
(Hsphere{10.6},0.9359131[25.39624,6.726048,0.9352518]);
(Hsphere{10.6},0.9408112[25.23673,6.554507,1.969571]);
(Hsphere{10.6},0.9457092[25.04817,6.40421,3.048532]);
(Hsphere{10.6},0.9506073[24.82552,6.275539,4.164612]);
(Hsphere{10.6},0.9561462[24.5643,6.168772,5.30992]);
(Hsphere{10.6},0.9604034[24.21747,6.074605,6.630746]);
(Hsphere{10.6},0.9653015[23.91114,6.020821,7.655094]);
(Hsphere{10.6},0.9701996[23.51249,5.977647,8.83735]);
(Hsphere{10.6},0.9755402[23.0578,5.949008,10.02213]);
(Hsphere{10.6},0.980011[22.4948,5.931046,11.31367]);
(Hsphere{10.6},0.9849091[21.96858,5.926495,12.39205]);
(Hsphere{10.6},0.9902039[21.33366,5.932293,13.56799]);
(Hsphere{10.6},0.9947052[20.58065,5.951102,14.82602]);
(Hsphere{10.6},1.000198[19.8907,5.976757,15.87352]);
(Hsphere{10.6},1.004501[18.99027,6.019434,17.11847]);
(Hsphere{10.6},1.009415[18.25371,6.059534,18.06001]);
(Hsphere{10.6},1.014343[17.37741,6.115747,19.08996]);
(Hsphere{10.6},1.019211[16.46037,6.184278,20.07817]);
(Hsphere{10.6},1.0242[15.53231,6.262733,20.99727]);
(Hsphere{10.6},1.02919[14.55874,6.341552,21.87516]);
(Hsphere{10.6},1.034592[13.57358,6.413638,22.68129]);
(Hsphere{10.6},1.038803[12.4965,6.482863,23.47816]);
(Hsphere{10.6},1.043701[11.65421,6.529879,24.04559]);
(Hsphere{10.6},1.049194[10.6776,6.576468,24.64785]);
(Hsphere{10.6},1.053513[9.588742,6.617698,25.25541]);
(Hsphere{10.6},1.058411[8.734922,6.641932,25.68921]);
(Hsphere{10.6},1.063309[7.781279,6.667222,26.14093]);
(Hsphere{10.6},1.068222[6.849329,6.691904,26.55317]);
(Hsphere{10.6},1.073212[5.936179,6.715173,26.93005]);
(Hsphere{10.6},1.078232[5.03715,6.736575,27.27567]);
(Hsphere{10.6},1.082901[4.159925,6.755902,27.58902]);
(Hsphere{10.6},1.088242[3.37016,6.771042,27.85163]);
(Hsphere{10.6},1.092712[2.502406,6.783853,28.11964]);
(Hsphere{10.6},1.098175[1.80432,6.790049,28.32019]);
(Hsphere{10.6},1.102509[0.9875525,6.790935,28.53844]);
(Hsphere{10.6},1.107407[0.3688339,6.785549,28.69243]);
(Hsphere{10.6},1.112305[-0.2964302,6.772038,28.84756]);
(Hsphere{10.6},1.117203[-0.9247013,6.74968,28.98459]);
(Hsphere{10.6},1.122101[-1.514416,6.717446,29.1053]);
(Hsphere{10.6},1.127762[-2.064009,6.67427,29.21136]);
(Hsphere{10.6},1.131912[-2.656207,6.616357,29.32324]);
(Hsphere{10.6},1.13681[-3.068146,6.573789,29.40353]);
(Hsphere{10.6},1.141708[-3.533738,6.52323,29.49802]);
(Hsphere{10.6},1.146606[-3.976348,6.473933,29.58979]);
(Hsphere{10.6},1.151505[-4.407768,6.427241,29.6821]);
(Hsphere{10.6},1.156464[-4.835675,6.380538,29.78367]);
(Hsphere{10.6},1.161469[-5.266006,6.333804,29.89533]);
(Hsphere{10.6},1.166473[-5.694074,6.287497,30.00184]);
(Hsphere{10.6},1.171112[-6.134373,6.236918,30.10542]);
(Hsphere{10.6},1.17601[-6.556027,6.187072,30.20054]);
(Hsphere{10.6},1.180908[-7.014392,6.133296,30.29593]);
(Hsphere{10.6},1.185806[-7.478261,6.081819,30.37407]);
(Hsphere{10.6},1.190765[-7.957383,6.03217,30.44649]);
(Hsphere{10.6},1.19577[-8.457244,5.985627,30.51194]);
(Hsphere{10.6},1.200775[-8.971281,5.946024,30.55824]);
(Hsphere{10.6},1.205414[-9.496307,5.915093,30.58612]);
(Hsphere{10.6},1.210785[-9.995942,5.89476,30.59897]);
(Hsphere{10.6},1.21521[-10.58905,5.883595,30.59403]);
(Hsphere{10.6},1.220108[-11.07765,5.88981,30.56433]);
(Hsphere{10.6},1.225006[-11.61882,5.913968,30.51745]);
(Hsphere{10.6},1.229904[-12.15853,5.95853,30.45493]);
(Hsphere{10.6},1.234802[-12.69265,6.027107,30.37053]);
(Hsphere{10.6},1.239792[-13.21835,6.122551,30.26116]);
(Hsphere{10.6},1.244797[-13.74394,6.247663,30.13031]);
(Hsphere{10.6},1.249802[-14.26072,6.404101,29.97815]);
(Hsphere{10.6},1.25441[-14.7622,6.592208,29.80455]);
(Hsphere{10.6},1.259796[-15.20285,6.791325,29.62647]);
(Hsphere{10.6},1.264206[-15.69091,7.056255,29.39529]);
(Hsphere{10.6},1.269806[-16.06471,7.297604,29.18783]);
(Hsphere{10.6},1.274002[-16.5062,7.636079,28.89965]);
(Hsphere{10.6},1.2789[-16.8069,7.909657,28.66958]);
(Hsphere{10.6},1.283813[-17.1233,8.248773,28.38655]);
(Hsphere{10.6},1.289246[-17.40503,8.607761,28.09028]);
(Hsphere{10.6},1.29361[-17.66189,9.019207,27.75601]);
(Hsphere{10.6},1.299255[-17.82486,9.35827,27.48397]);
(Hsphere{10.6},1.303406[-17.98275,9.803243,27.13223]);
(Hsphere{10.6},1.308304[-18.07211,10.13557,26.87399]);
(Hsphere{10.6},1.313248[-18.14215,10.52838,26.56821]);
(Hsphere{10.6},1.318237[-18.1758,10.92255,26.25981]);
(Hsphere{10.6},1.323013[-18.18337,11.31346,25.95612]);
(Hsphere{10.6},1.328247[-18.16645,11.67877,25.67243]);
(Hsphere{10.6},1.332809[-18.11642,12.06671,25.36697]);
(Hsphere{10.6},1.338226[-18.04897,12.39294,25.10639]);
(Hsphere{10.6},1.342606[-17.96333,12.76494,24.81644]);
(Hsphere{10.6},1.348251[-17.8775,13.05209,24.58943]);
(Hsphere{10.6},1.352402[-17.74788,13.40357,24.30663]);
(Hsphere{10.6},1.3573[-17.64849,13.64814,24.11098]);
(Hsphere{10.6},1.362274[-17.53078,13.91996,23.89705]);
(Hsphere{10.6},1.367279[-17.40088,14.17614,23.69274]);
(Hsphere{10.6},1.372009[-17.26058,14.4143,23.50076]);
}
