grabnapel:2{
(Hsphere{5.8},0.7889099[-7.662675,24.21237,4.948024]);
(Hsphere{5.8},0.7938232[-7.658007,24.34154,4.365418]);
(Hsphere{5.8},0.7988281[-7.599133,24.47439,3.726028]);
(Hsphere{5.8},0.8036194[-7.458766,24.6173,2.985322]);
(Hsphere{5.8},0.8088684[-7.214292,24.75811,2.164744]);
(Hsphere{5.8},0.8134155[-6.765336,24.90127,1.121264]);
(Hsphere{5.8},0.8188477[-6.225276,24.97956,0.1775825]);
(Hsphere{5.8},0.8232117[-5.444106,24.99079,-0.8784318]);
(Hsphere{5.8},0.8285217[-4.710588,24.9384,-1.671827]);
(Hsphere{5.8},0.8330078[-3.78719,24.80392,-2.478879]);
(Hsphere{5.8},0.8379211[-3.077713,24.65716,-2.98141]);
(Hsphere{5.8},0.842865[-2.375193,24.485,-3.399354]);
(Hsphere{5.8},0.8485107[-1.8053,24.32475,-3.679821]);
(Hsphere{5.8},0.8526001[-1.388169,24.19531,-3.838693]);
(Hsphere{5.8},0.8575134[-1.214424,24.13915,-3.889423]);
(Hsphere{5.8},0.8624878[-1.116301,24.10897,-3.908091]);
(Hsphere{5.8},0.8673096[-1.093628,24.10524,-3.898731]);
(Hsphere{5.8},0.8724976[-1.104258,24.11399,-3.880062]);
}
