grabfrontl:2{
(Hsphere{5.8},0.6419067[-13.25491,5.672451,-5.501608]);
(Hsphere{5.8},0.6468201[-13.24733,5.473442,-5.216561]);
(Hsphere{5.8},0.6517029[-13.23271,5.242378,-4.847047]);
(Hsphere{5.8},0.6568298[-13.21002,5.020482,-4.458631]);
(Hsphere{5.8},0.661499[-13.17677,4.792429,-4.024275]);
(Hsphere{5.8},0.6668091[-13.14364,4.590068,-3.610044]);
(Hsphere{5.8},0.6712952[-13.10146,4.368354,-3.115305]);
(Hsphere{5.8},0.6766968[-13.06036,4.192777,-2.680866]);
(Hsphere{5.8},0.6810913[-13.00453,3.997122,-2.137811]);
(Hsphere{5.8},0.6867065[-12.95433,3.852627,-1.682794]);
(Hsphere{5.8},0.6908875[-12.88382,3.688216,-1.08224]);
(Hsphere{5.8},0.6958008[-12.82741,3.58221,-0.6101412]);
(Hsphere{5.8},0.7006836[-12.7546,3.476513,-0.03006333]);
(Hsphere{5.8},0.7055969[-12.67034,3.389679,0.5763577]);
(Hsphere{5.8},0.7105103[-12.56844,3.318236,1.210978]);
(Hsphere{5.8},0.7154541[-12.44398,3.261056,1.869802]);
(Hsphere{5.8},0.7203064[-12.29039,3.217058,2.557535]);
(Hsphere{5.8},0.7254639[-12.11115,3.187239,3.239135]);
(Hsphere{5.8},0.7304688[-11.88344,3.167185,3.978579]);
(Hsphere{5.8},0.7354736[-11.62596,3.152361,4.700507]);
(Hsphere{5.8},0.7398987[-11.32154,3.143197,5.427617]);
(Hsphere{5.8},0.744812[-11.01365,3.141162,6.071859]);
(Hsphere{5.8},0.7496948[-10.63195,3.154486,6.79033]);
(Hsphere{5.8},0.7546082[-10.2082,3.181701,7.505435]);
(Hsphere{5.8},0.7595215[-9.737446,3.218631,8.215813]);
(Hsphere{5.8},0.7644043[-9.218932,3.261482,8.91208]);
(Hsphere{5.8},0.7695618[-8.663175,3.305722,9.574675]);
(Hsphere{5.8},0.7742004[-8.033546,3.350866,10.23785]);
(Hsphere{5.8},0.7795715[-7.434164,3.387507,10.79599]);
(Hsphere{5.8},0.7839966[-6.713982,3.42302,11.38694]);
(Hsphere{5.8},0.7895813[-6.10269,3.446154,11.82794]);
(Hsphere{5.8},0.7945862[-5.32006,3.465544,12.31976]);
(Hsphere{5.8},0.7987061[-4.616679,3.47546,12.70428]);
(Hsphere{5.8},0.8035889[-4.047945,3.481396,12.98478]);
(Hsphere{5.8},0.8085022[-3.390129,3.48546,13.27823]);
(Hsphere{5.8},0.813446[-2.752023,3.48255,13.53029]);
(Hsphere{5.8},0.8182983[-2.126575,3.470418,13.74607]);
(Hsphere{5.8},0.8234558[-1.536529,3.451155,13.92412]);
(Hsphere{5.8},0.8280945[-0.9354281,3.42418,14.08297]);
(Hsphere{5.8},0.8330078[-0.4214359,3.395563,14.20327]);
(Hsphere{5.8},0.8378906[0.0923349,3.362075,14.31193]);
(Hsphere{5.8},0.8430786[0.5740976,3.326431,14.40629]);
(Hsphere{5.8},0.8476868[1.045327,3.287805,14.49543]);
(Hsphere{5.8},0.8530884[1.436982,3.253556,14.57194]);
(Hsphere{5.8},0.8574829[1.858809,3.216188,14.66373]);
(Hsphere{5.8},0.8630676[2.179385,3.189406,14.74291]);
(Hsphere{5.8},0.8673096[2.565121,3.156488,14.83693]);
(Hsphere{5.8},0.8730774[2.853819,3.129032,14.90726]);
(Hsphere{5.8},0.8771057[3.2393,3.089661,14.99112]);
(Hsphere{5.8},0.8820496[3.509323,3.060442,15.04358]);
(Hsphere{5.8},0.8869019[3.848039,3.024168,15.10494]);
(Hsphere{5.8},0.8920593[4.180707,2.993021,15.14838]);
(Hsphere{5.8},0.896698[4.545548,2.966626,15.18669]);
(Hsphere{5.8},0.9020691[4.885206,2.952785,15.21175]);
(Hsphere{5.8},0.907074[5.275116,2.949883,15.21839]);
(Hsphere{5.8},0.9120789[5.63125,2.957574,15.2096]);
(Hsphere{5.8},0.9162903[5.9782,2.979069,15.18305]);
(Hsphere{5.8},0.9220886[6.261837,3.012826,15.1501]);
(Hsphere{5.8},0.9260864[6.630691,3.080441,15.09134]);
(Hsphere{5.8},0.9310913[6.876428,3.141372,15.04146]);
(Hsphere{5.8},0.9358826[7.161845,3.229541,14.9681]);
(Hsphere{5.8},0.9411011[7.413776,3.324307,14.88642]);
(Hsphere{5.8},0.946106[7.667036,3.434679,14.78926]);
(Hsphere{5.8},0.950592[7.881908,3.543316,14.68381]);
(Hsphere{5.8},0.9555054[8.052961,3.641906,14.57966]);
(Hsphere{5.8},0.9603882[8.234844,3.769045,14.455]);
(Hsphere{5.8},0.9661255[8.410887,3.919933,14.31849]);
(Hsphere{5.8},0.9701843[8.599157,4.126786,14.13706]);
(Hsphere{5.8},0.9751282[8.71964,4.292552,13.99666]);
(Hsphere{5.8},0.9801331[8.847742,4.511993,13.81652]);
(Hsphere{5.8},0.9848938[8.954762,4.753596,13.62368]);
(Hsphere{5.8},0.9898071[9.032564,4.998666,13.43241]);
(Hsphere{5.8},0.9946899[9.086174,5.262976,13.22991]);
(Hsphere{5.8},0.9996033[9.111874,5.536346,13.02377]);
(Hsphere{5.8},1.004486[9.109298,5.815191,12.81636]);
(Hsphere{5.8},1.010254[9.08495,6.092806,12.61357]);
(Hsphere{5.8},1.014282[9.021577,6.398252,12.38594]);
(Hsphere{5.8},1.019196[8.955205,6.595336,12.23498]);
(Hsphere{5.8},1.024292[8.869967,6.816542,12.07116]);
(Hsphere{5.8},1.029175[8.764721,7.023616,11.91608]);
}
