grabnaper:5{
(Hsphere{13},1.107422[19.13888,60.55771,11.9005]);
(Hsphere{13},1.112427[19.1297,60.75217,10.99939]);
(Hsphere{13},1.117493[19.05294,60.99737,9.850373]);
(Hsphere{13},1.122131[18.8833,61.26342,8.608968]);
(Hsphere{13},1.127014[18.62139,61.5313,7.364903]);
(Hsphere{13},1.131897[18.20053,61.84031,5.915642]);
(Hsphere{13},1.137451[17.58764,62.17049,4.307795]);
(Hsphere{13},1.141724[16.60488,62.54236,2.297133]);
(Hsphere{13},1.147278[15.66746,62.77879,0.726238]);
(Hsphere{13},1.152283[14.2428,62.9846,-1.265402]);
(Hsphere{13},1.157104[12.80359,63.0667,-2.935786]);
(Hsphere{13},1.161316[11.25483,63.06099,-4.47031]);
(Hsphere{13},1.166321[9.85998,62.97723,-5.667642]);
(Hsphere{13},1.171082[8.27522,62.79646,-6.846189]);
(Hsphere{13},1.17627[6.873025,62.57254,-7.750787]);
(Hsphere{13},1.181091[5.449764,62.2991,-8.555357]);
(Hsphere{13},1.185791[4.310289,62.04611,-9.113838]);
(Hsphere{13},1.190674[3.463165,61.8379,-9.466543]);
(Hsphere{13},1.195618[2.881085,61.68727,-9.653998]);
(Hsphere{13},1.200562[2.562719,61.60746,-9.716086]);
(Hsphere{13},1.205505[2.462933,61.59412,-9.686848]);
(Hsphere{13},1.210327[2.538347,61.63782,-9.592367]);
(Hsphere{13},1.21521[2.724294,61.71595,-9.453398]);
(Hsphere{13},1.220398[2.97993,61.81657,-9.282291]);
(Hsphere{13},1.224976[3.273071,61.93212,-9.092511]);
}
