grabfrontr:3{
(Hsphere{8.200001},0.7296448[19.78858,9.148312,-9.041869]);
(Hsphere{8.200001},0.734375[19.79646,8.759726,-8.568132]);
(Hsphere{8.200001},0.7390137[19.79176,8.420323,-8.114866]);
(Hsphere{8.200001},0.7443848[19.78035,8.095542,-7.638983]);
(Hsphere{8.200001},0.7488098[19.75885,7.732195,-7.053384]);
(Hsphere{8.200001},0.7543335[19.73463,7.440304,-6.537705]);
(Hsphere{8.200001},0.758606[19.69758,7.092079,-5.861454]);
(Hsphere{8.200001},0.7635193[19.66415,6.834688,-5.311843]);
(Hsphere{8.200001},0.7688599[19.62116,6.554143,-4.65538]);
(Hsphere{8.200001},0.7733154[19.56858,6.267187,-3.909107]);
(Hsphere{8.200001},0.7782288[19.51735,6.045142,-3.271185]);
(Hsphere{8.200001},0.7833557[19.45166,5.821223,-2.561601]);
(Hsphere{8.200001},0.7880249[19.37172,5.609846,-1.811493]);
(Hsphere{8.200001},0.7933655[19.2895,5.432825,-1.094447]);
(Hsphere{8.200001},0.797821[19.17881,5.243497,-0.21674]);
(Hsphere{8.200001},0.8033752[19.068,5.095485,0.5567079]);
(Hsphere{8.200001},0.8076172[18.91056,4.924859,1.580117]);
(Hsphere{8.200001},0.8125305[18.76447,4.813191,2.401531]);
(Hsphere{8.200001},0.8175354[18.56256,4.70491,3.383504]);
(Hsphere{8.200001},0.8225403[18.31313,4.617142,4.419814]);
(Hsphere{8.200001},0.8275452[18.01782,4.553032,5.468805]);
(Hsphere{8.200001},0.8321228[17.67137,4.510777,6.524238]);
(Hsphere{8.200001},0.8370056[17.30492,4.486765,7.488223]);
(Hsphere{8.200001},0.8425598[16.85239,4.472409,8.525487]);
(Hsphere{8.200001},0.8475647[16.26553,4.470258,9.695799]);
(Hsphere{8.200001},0.8525696[15.66951,4.480949,10.7405]);
(Hsphere{8.200001},0.8566284[15.0124,4.503144,11.76683]);
(Hsphere{8.200001},0.8615112[14.44243,4.528956,12.57179]);
(Hsphere{8.200001},0.8665161[13.7143,4.5677,13.51543]);
(Hsphere{8.200001},0.8713074[12.9311,4.618425,14.43142]);
(Hsphere{8.200001},0.8771057[12.14626,4.678951,15.26171]);
(Hsphere{8.200001},0.8811035[11.16958,4.760956,16.18765]);
(Hsphere{8.200001},0.8860168[10.48015,4.813477,16.77255]);
(Hsphere{8.200001},0.8909302[9.628144,4.871002,17.42612]);
(Hsphere{8.200001},0.895813[8.772152,4.920224,18.01379]);
(Hsphere{8.200001},0.9009094[7.918407,4.960645,18.53838]);
(Hsphere{8.200001},0.9056091[7.036687,4.992602,19.02267]);
(Hsphere{8.200001},0.9106445[6.224285,5.01454,19.42462]);
(Hsphere{8.200001},0.9154053[5.381922,5.036956,19.80895]);
(Hsphere{8.200001},0.9206238[4.599761,5.057169,20.13828]);
(Hsphere{8.200001},0.9252319[3.77502,5.076957,20.4578]);
(Hsphere{8.200001},0.9306335[3.074985,5.092319,20.70719]);
(Hsphere{8.200001},0.9350281[2.282727,5.106768,20.96622]);
(Hsphere{8.200001},0.9406128[1.667502,5.114585,21.15105]);
(Hsphere{8.200001},0.9448242[0.9220139,5.118103,21.35672]);
(Hsphere{8.200001},0.949707[0.3898681,5.115037,21.4918]);
(Hsphere{8.200001},0.9546204[-0.1960808,5.104197,21.62974]);
(Hsphere{8.200001},0.9596252[-0.7447261,5.084394,21.7492]);
(Hsphere{8.200001},0.9646301[-1.263997,5.053633,21.85419]);
(Hsphere{8.200001},0.9693298[-1.741602,5.011589,21.94482]);
(Hsphere{8.200001},0.9742126[-2.160182,4.969556,22.02494]);
(Hsphere{8.200001},0.9793396[-2.573158,4.925447,22.10755]);
(Hsphere{8.200001},0.9843445[-2.980531,4.880106,22.19199]);
(Hsphere{8.200001},0.9892273[-3.364498,4.8385,22.27495]);
(Hsphere{8.200001},0.9938049[-3.736381,4.797918,22.36542]);
(Hsphere{8.200001},0.9996033[-4.08366,4.760515,22.45628]);
(Hsphere{8.200001},1.004211[-4.523004,4.711235,22.56103]);
(Hsphere{8.200001},1.008514[-4.887752,4.668243,22.64394]);
(Hsphere{8.200001},1.014252[-5.238569,4.626967,22.71803]);
(Hsphere{8.200001},1.019226[-5.713654,4.574628,22.7971]);
(Hsphere{8.200001},1.023254[-6.146717,4.531395,22.85928]);
(Hsphere{8.200001},1.028259[-6.504666,4.500168,22.90217]);
(Hsphere{8.200001},1.033264[-6.957059,4.469653,22.93212]);
(Hsphere{8.200001},1.038269[-7.424912,4.447924,22.94819]);
(Hsphere{8.200001},1.043274[-7.90697,4.437246,22.9472]);
(Hsphere{8.200001},1.047729[-8.389814,4.444316,22.91709]);
(Hsphere{8.200001},1.052612[-8.819904,4.467106,22.87701]);
(Hsphere{8.200001},1.058258[-9.290858,4.512712,22.81745]);
(Hsphere{8.200001},1.062408[-9.822884,4.598019,22.71614]);
(Hsphere{8.200001},1.067322[-10.2086,4.684282,22.62408]);
(Hsphere{8.200001},1.072205[-10.65292,4.813299,22.49709]);
(Hsphere{8.200001},1.077759[-11.08209,4.972952,22.34948]);
(Hsphere{8.200001},1.082031[-11.54005,5.188332,22.15798]);
(Hsphere{8.200001},1.087769[-11.86977,5.379084,21.99272]);
(Hsphere{8.200001},1.092346[-12.2801,5.669921,21.74382]);
(Hsphere{8.200001},1.09671[-12.57383,5.926312,21.52767]);
(Hsphere{8.200001},1.102173[-12.8242,6.189735,21.30765]);
(Hsphere{8.200001},1.106506[-13.09433,6.538816,21.01987]);
(Hsphere{8.200001},1.11142[-13.26768,6.828778,20.78484]);
(Hsphere{8.200001},1.116333[-13.41579,7.163041,20.51749]);
(Hsphere{8.200001},1.121216[-13.52363,7.502973,20.25122]);
(Hsphere{8.200001},1.126129[-13.59597,7.846306,19.9842]);
(Hsphere{8.200001},1.131012[-13.6306,8.188252,19.71693]);
(Hsphere{8.200001},1.135925[-13.6374,8.524595,19.45547]);
(Hsphere{8.200001},1.140808[-13.61833,8.850998,19.2015]);
(Hsphere{8.200001},1.145721[-13.57058,9.16525,18.95306]);
(Hsphere{8.200001},1.150635[-13.50542,9.466049,18.71561]);
(Hsphere{8.200001},1.155518[-13.42735,9.753682,18.48964]);
(Hsphere{8.200001},1.160645[-13.33276,10.02251,18.2743]);
(Hsphere{8.200001},1.165314[-13.2258,10.28679,18.06272]);
(Hsphere{8.200001},1.170624[-13.12579,10.51105,17.88578]);
(Hsphere{8.200001},1.17511[-13.00085,10.74442,17.6989]);
}
