grabnapel:10{
(Hsphere{25},1.1073[-38.31436,120.6783,24.56722]);
(Hsphere{25},1.111938[-38.31846,121.1472,22.47006]);
(Hsphere{25},1.116821[-38.20701,121.5867,20.41074]);
(Hsphere{25},1.122192[-37.9353,122.0649,18.06994]);
(Hsphere{25},1.126587[-37.3957,122.6149,15.22084]);
(Hsphere{25},1.132324[-36.71629,123.0743,12.65496]);
(Hsphere{25},1.136353[-35.41566,123.6616,8.967513]);
(Hsphere{25},1.141357[-34.08688,124.0548,5.992752]);
(Hsphere{25},1.146362[-32.12257,124.4052,2.356708]);
(Hsphere{25},1.151123[-29.7746,124.5791,-1.240361]);
(Hsphere{25},1.156128[-27.2521,124.5636,-4.493298]);
(Hsphere{25},1.160889[-24.28225,124.3731,-7.768992]);
(Hsphere{25},1.165771[-21.27225,124.0129,-10.61015]);
(Hsphere{25},1.170898[-18.30698,123.5096,-13.01197]);
(Hsphere{25},1.175659[-15.46432,122.9115,-14.99658]);
(Hsphere{25},1.180908[-13.00812,122.3257,-16.50391]);
(Hsphere{25},1.185425[-10.5525,121.6737,-17.82227]);
(Hsphere{25},1.190918[-8.867411,121.1847,-18.60632]);
(Hsphere{25},1.19519[-7.344816,120.7142,-19.19563]);
(Hsphere{25},1.200684[-6.526501,120.4514,-19.46143]);
(Hsphere{25},1.204956[-5.869594,120.2396,-19.63295]);
(Hsphere{25},1.209961[-5.601068,120.1588,-19.67815]);
(Hsphere{25},1.214844[-5.479509,120.1308,-19.661]);
(Hsphere{25},1.219727[-5.477788,120.1458,-19.6016]);
(Hsphere{25},1.224609[-5.525725,120.182,-19.53369]);
}
