Jump:2{
(Hsphere{6},0.1763611[-1.989197,32.33868,6.610191]);
(Hsphere{6},0.1812439[-1.989197,32.33868,6.610191]);
(Hsphere{6},0.1861572[-1.989197,34.59469,7.810191]);
(Hsphere{6},0.1911011[-1.989197,34.59469,7.810191]);
(Hsphere{6},0.1959534[-1.989197,34.59469,7.810191]);
(Hsphere{6},0.2015076[-1.989197,34.59469,7.810191]);
(Hsphere{6},0.2059021[-1.989197,36.80269,9.010191]);
(Hsphere{6},0.2106323[-1.989197,36.80269,9.010191]);
(Hsphere{6},0.2155457[-1.989197,36.80269,9.010191]);
(Hsphere{6},0.220459[-1.989197,36.80269,9.010191]);
(Hsphere{6},0.2253418[-1.989197,38.96268,10.21019]);
(Hsphere{6},0.2303162[-1.989197,38.96268,10.21019]);
(Hsphere{6},0.2351379[-1.989197,38.96268,10.21019]);
(Hsphere{6},0.2403259[-1.989197,38.96268,10.21019]);
(Hsphere{6},0.2449341[-1.989197,41.07468,11.41019]);
(Hsphere{6},0.2503357[-1.989197,41.07468,11.41019]);
(Hsphere{6},0.2547607[-1.989197,41.07468,11.41019]);
(Hsphere{6},0.2603455[-1.989197,41.07468,11.41019]);
(Hsphere{6},0.2645569[-1.989197,43.13869,12.61019]);
(Hsphere{6},0.2694397[-1.989197,43.13869,12.61019]);
(Hsphere{6},0.274353[-1.989197,43.13869,12.61019]);
(Hsphere{6},0.2792358[-1.989197,43.13869,12.61019]);
(Hsphere{6},0.2841492[-1.989197,45.15469,13.81019]);
(Hsphere{6},0.289032[-1.989197,45.15469,13.81019]);
(Hsphere{6},0.2940979[-1.989197,45.15469,13.81019]);
(Hsphere{6},0.2988586[-1.989197,45.15469,13.81019]);
(Hsphere{6},0.3041077[-1.989197,47.12268,15.01019]);
(Hsphere{6},0.3086548[-1.989197,47.12268,15.01019]);
(Hsphere{6},0.3141174[-1.989197,47.12268,15.01019]);
(Hsphere{6},0.3184509[-1.989197,47.12268,15.01019]);
(Hsphere{6},0.3241272[-1.989197,49.04268,16.21019]);
(Hsphere{6},0.3282471[-1.989197,49.04268,16.21019]);
(Hsphere{6},0.3331604[-1.989197,49.04268,16.21019]);
(Hsphere{6},0.3381653[-1.989197,49.04268,16.21019]);
(Hsphere{6},0.3429565[-1.989197,50.91468,17.41019]);
(Hsphere{6},0.3480225[-1.989197,50.91468,17.41019]);
(Hsphere{6},0.3527527[-1.989197,50.91468,17.41019]);
(Hsphere{6},0.3580322[-1.989197,50.91468,17.41019]);
(Hsphere{6},0.3628235[-1.989197,52.73868,18.61019]);
(Hsphere{6},0.3674316[-1.989197,52.73868,18.61019]);
(Hsphere{6},0.3728333[-1.989197,52.73868,18.61019]);
(Hsphere{6},0.3772583[-1.989197,52.73868,18.61019]);
(Hsphere{6},0.3821411[-1.989197,54.51468,19.81019]);
(Hsphere{6},0.3870544[-1.989197,54.51468,19.81019]);
(Hsphere{6},0.3924866[-1.989197,54.51468,19.81019]);
(Hsphere{6},0.3968506[-1.989197,54.51468,19.81019]);
(Hsphere{6},0.4017334[-1.989197,54.51468,19.81019]);
(Hsphere{6},0.4066467[-1.989197,56.24268,21.01019]);
(Hsphere{6},0.4124451[-1.989197,56.24268,21.01019]);
(Hsphere{6},0.4164429[-1.989197,56.24268,21.01019]);
(Hsphere{6},0.4214478[-1.989197,56.24268,21.01019]);
(Hsphere{6},0.4264526[-1.989197,57.92268,22.21019]);
(Hsphere{6},0.4311523[-1.989197,57.92268,22.21019]);
(Hsphere{6},0.4360352[-1.989197,57.92268,22.21019]);
(Hsphere{6},0.4409485[-1.989197,57.92268,22.21019]);
(Hsphere{6},0.4458618[-1.989197,59.55468,23.41019]);
(Hsphere{6},0.4508057[-1.989197,59.55468,23.41019]);
(Hsphere{6},0.455658[-1.989197,59.55468,23.41019]);
(Hsphere{6},0.4608154[-1.989197,59.55468,23.41019]);
(Hsphere{6},0.4654541[-1.989197,61.13868,24.61019]);
(Hsphere{6},0.4707031[-1.989197,61.13868,24.61019]);
(Hsphere{6},0.4752502[-1.989197,61.13868,24.61019]);
(Hsphere{6},0.4807129[-1.989197,61.13868,24.61019]);
(Hsphere{6},0.4850464[-1.989197,62.67468,25.81019]);
(Hsphere{6},0.4899597[-1.989197,62.67468,25.81019]);
(Hsphere{6},0.4957275[-1.989197,62.67468,25.81019]);
(Hsphere{6},0.4998169[-1.989197,62.67468,25.81019]);
(Hsphere{6},0.5046387[-1.989197,64.16267,27.01019]);
(Hsphere{6},0.5098267[-1.989197,64.16267,27.01019]);
(Hsphere{6},0.5144348[-1.989197,64.16267,27.01019]);
(Hsphere{6},0.5198364[-1.989197,64.16267,27.01019]);
(Hsphere{6},0.5242615[-1.989197,65.60268,28.21019]);
(Hsphere{6},0.5292358[-1.989197,65.60268,28.21019]);
(Hsphere{6},0.5340576[-1.989197,65.60268,28.21019]);
(Hsphere{6},0.5389404[-1.989197,65.60268,28.21019]);
(Hsphere{6},0.5438538[-1.989197,66.99467,29.41019]);
(Hsphere{6},0.5487366[-1.989197,66.99467,29.41019]);
(Hsphere{6},0.5544128[-1.989197,66.99467,29.41019]);
(Hsphere{6},0.5591125[-1.989197,66.99467,29.41019]);
(Hsphere{6},0.563446[-1.989197,68.33867,30.6102]);
(Hsphere{6},0.5683594[-1.989197,68.33867,30.6102]);
(Hsphere{6},0.5733032[-1.989197,68.33867,30.6102]);
(Hsphere{6},0.579071[-1.989197,68.33867,30.6102]);
(Hsphere{6},0.5830994[-1.989197,69.63467,31.8102]);
(Hsphere{6},0.5879517[-1.989197,69.63467,31.8102]);
(Hsphere{6},0.5931091[-1.989197,69.63467,31.8102]);
(Hsphere{6},0.5979919[-1.989197,69.63467,31.8102]);
(Hsphere{6},0.6026611[-1.989197,70.88268,33.0102]);
(Hsphere{6},0.6080017[-1.989197,70.88268,33.0102]);
(Hsphere{6},0.612793[-1.989197,70.88268,33.0102]);
(Hsphere{6},0.6173401[-1.989197,70.88268,33.0102]);
(Hsphere{6},0.6226807[-1.989197,72.08267,34.2102]);
(Hsphere{6},0.6271362[-1.989197,72.08267,34.2102]);
(Hsphere{6},0.6325989[-1.989197,72.08267,34.2102]);
(Hsphere{6},0.6369324[-1.989197,72.08267,34.2102]);
(Hsphere{6},0.6418457[-1.989197,72.08267,34.2102]);
(Hsphere{6},0.6476135[-1.989197,73.23466,35.4102]);
(Hsphere{6},0.6516418[-1.989197,73.23466,35.4102]);
(Hsphere{6},0.6566162[-1.989197,73.23466,35.4102]);
(Hsphere{6},0.661438[-1.989197,73.23466,35.4102]);
(Hsphere{6},0.666626[-1.989197,74.33867,36.6102]);
(Hsphere{6},0.6712341[-1.989197,74.33867,36.6102]);
(Hsphere{6},0.6766357[-1.989197,74.33867,36.6102]);
(Hsphere{6},0.6810608[-1.989197,74.33867,36.6102]);
(Hsphere{6},0.6866455[-1.989197,75.39467,37.8102]);
(Hsphere{6},0.6908569[-1.989197,75.39467,37.8102]);
(Hsphere{6},0.6957397[-1.989197,75.39467,37.8102]);
(Hsphere{6},0.7006531[-1.989197,75.39467,37.8102]);
(Hsphere{6},0.7055359[-1.989197,76.40266,39.0102]);
(Hsphere{6},0.7104797[-1.989197,76.40266,39.0102]);
(Hsphere{6},0.7161865[-1.989197,76.40266,39.0102]);
(Hsphere{6},0.7204285[-1.989197,76.40266,39.0102]);
(Hsphere{6},0.7251587[-1.989197,77.36267,40.2102]);
(Hsphere{6},0.7302246[-1.989197,77.36267,40.2102]);
(Hsphere{6},0.7349548[-1.989197,77.36267,40.2102]);
(Hsphere{6},0.7404785[-1.989197,77.36267,40.2102]);
(Hsphere{6},0.744751[-1.989197,78.27467,41.4102]);
(Hsphere{6},0.7504272[-1.989197,78.27467,41.4102]);
(Hsphere{6},0.7545471[-1.989197,78.27467,41.4102]);
(Hsphere{6},0.7594604[-1.989197,78.27467,41.4102]);
(Hsphere{6},0.7643433[-1.989197,79.13867,42.6102]);
(Hsphere{6},0.7702637[-1.989197,79.13867,42.6102]);
(Hsphere{6},0.7741394[-1.989197,79.13867,42.6102]);
(Hsphere{6},0.7791443[-1.989197,79.13867,42.6102]);
(Hsphere{6},0.7839966[-1.989197,79.95467,43.8102]);
(Hsphere{6},0.7888489[-1.989197,79.95467,43.8102]);
(Hsphere{6},0.7937317[-1.989197,79.95467,43.8102]);
(Hsphere{6},0.798645[-1.989197,79.95467,43.8102]);
(Hsphere{6},0.8040161[-1.989197,80.72267,45.0102]);
(Hsphere{6},0.8084412[-1.989197,80.72267,45.0102]);
(Hsphere{6},0.8140259[-1.989197,80.72267,45.0102]);
(Hsphere{6},0.8182373[-1.989197,80.72267,45.0102]);
(Hsphere{6},0.8240356[-1.989197,81.44267,46.21021]);
(Hsphere{6},0.828064[-1.989197,81.44267,46.21021]);
(Hsphere{6},0.8329468[-1.989197,81.44267,46.21021]);
(Hsphere{6},0.8379211[-1.989197,81.44267,46.21021]);
(Hsphere{6},0.842926[-1.989197,82.11467,47.41021]);
(Hsphere{6},0.8476563[-1.989197,82.11467,47.41021]);
(Hsphere{6},0.8529358[-1.989197,82.11467,47.41021]);
(Hsphere{6},0.8574524[-1.989197,82.11467,47.41021]);
(Hsphere{6},0.8629456[-1.989197,82.73866,48.61021]);
(Hsphere{6},0.8672485[-1.989197,82.73866,48.61021]);
(Hsphere{6},0.8729553[-1.989197,82.73866,48.61021]);
(Hsphere{6},0.8770447[-1.989197,82.73866,48.61021]);
(Hsphere{6},0.881958[-1.989197,82.73866,48.61021]);
(Hsphere{6},0.8868713[-1.989197,83.31467,49.81021]);
(Hsphere{6},0.8917542[-1.989197,83.31467,49.81021]);
(Hsphere{6},0.896637[-1.989197,83.31467,49.81021]);
(Hsphere{6},0.9015503[-1.989197,83.31467,49.81021]);
(Hsphere{6},0.9064331[-1.989197,83.84267,51.01021]);
(Hsphere{6},0.9113464[-1.989197,83.84267,51.01021]);
(Hsphere{6},0.9162598[-1.989197,83.84267,51.01021]);
(Hsphere{6},0.9212646[-1.989197,83.84267,51.01021]);
(Hsphere{6},0.9262695[-1.989197,84.32266,52.21021]);
(Hsphere{6},0.9309387[-1.989197,84.32266,52.21021]);
(Hsphere{6},0.9358521[-1.989197,84.32266,52.21021]);
(Hsphere{6},0.9411926[-1.989197,84.32266,52.21021]);
(Hsphere{6},0.9456482[-1.989197,84.75465,53.41021]);
(Hsphere{6},0.9505615[-1.989197,84.75465,53.41021]);
(Hsphere{6},0.9562073[-1.989197,84.75465,53.41021]);
(Hsphere{6},0.9604797[-1.989197,84.75465,53.41021]);
(Hsphere{6},0.966217[-1.989197,85.13866,54.61021]);
(Hsphere{6},0.9701538[-1.989197,85.13866,54.61021]);
(Hsphere{6},0.9750366[-1.989197,85.13866,54.61021]);
(Hsphere{6},0.980011[-1.989197,85.13866,54.61021]);
(Hsphere{6},0.9848328[-1.989197,85.47466,55.81021]);
(Hsphere{6},0.990509[-1.989197,85.47466,55.81021]);
(Hsphere{6},0.9946594[-1.989197,85.47466,55.81021]);
(Hsphere{6},0.9995422[-1.989197,85.47466,55.81021]);
(Hsphere{6},1.004517[-1.989197,85.76266,57.01021]);
(Hsphere{6},1.009521[-1.989197,85.76266,57.01021]);
(Hsphere{6},1.014252[-1.989197,85.76266,57.01021]);
(Hsphere{6},1.019531[-1.989197,85.76266,57.01021]);
(Hsphere{6},1.024048[-1.989197,86.00266,58.21021]);
(Hsphere{6},1.029053[-1.989197,86.00266,58.21021]);
(Hsphere{6},1.033844[-1.989197,86.00266,58.21021]);
(Hsphere{6},1.039032[-1.989197,86.00266,58.21021]);
(Hsphere{6},1.04364[-1.989197,86.19466,59.41021]);
(Hsphere{6},1.049042[-1.989197,86.19466,59.41021]);
(Hsphere{6},1.053436[-1.989197,86.19466,59.41021]);
(Hsphere{6},1.059113[-1.989197,86.19466,59.41021]);
(Hsphere{6},1.063232[-1.989197,86.33865,60.61021]);
(Hsphere{6},1.068146[-1.989197,86.33865,60.61021]);
(Hsphere{6},1.073059[-1.989197,86.33865,60.61021]);
(Hsphere{6},1.078522[-1.989197,86.33865,60.61021]);
(Hsphere{6},1.082855[-1.989197,86.43466,61.81021]);
(Hsphere{6},1.087738[-1.989197,86.43466,61.81021]);
(Hsphere{6},1.092743[-1.989197,86.43466,61.81021]);
(Hsphere{6},1.098511[-1.989197,86.43466,61.81021]);
(Hsphere{6},1.102509[-1.989197,86.48265,63.01022]);
(Hsphere{6},1.107361[-1.989197,86.48265,63.01022]);
(Hsphere{6},1.112427[-1.989197,86.48265,63.01022]);
(Hsphere{6},1.117157[-1.989197,86.48265,63.01022]);
(Hsphere{6},1.122437[-1.989197,86.48265,64.21021]);
(Hsphere{6},2.146667[0.006617775,-0.002145767,120.5483]);
}
