Jump:10{
(Hsphere{30},0.1759033[-9.979073,145.0482,24.52748]);
(Hsphere{30},0.1811523[-9.979073,145.0482,24.52748]);
(Hsphere{30},0.185791[-9.979073,147.2562,25.72748]);
(Hsphere{30},0.1904297[-9.979073,147.2562,25.72748]);
(Hsphere{30},0.1953125[-9.979073,147.2562,25.72748]);
(Hsphere{30},0.2001953[-9.979073,147.2562,25.72748]);
(Hsphere{30},0.2052002[-9.979073,149.4162,26.92748]);
(Hsphere{30},0.210083[-9.979073,149.4162,26.92748]);
(Hsphere{30},0.2149658[-9.979073,149.4162,26.92748]);
(Hsphere{30},0.2205811[-9.979073,149.4162,26.92748]);
(Hsphere{30},0.2249756[-9.979073,151.5282,28.12748]);
(Hsphere{30},0.2296143[-9.979073,151.5282,28.12748]);
(Hsphere{30},0.2349854[-9.979073,151.5282,28.12748]);
(Hsphere{30},0.239502[-9.979073,151.5282,28.12748]);
(Hsphere{30},0.2443848[-9.979073,153.5922,29.32748]);
(Hsphere{30},0.25[-9.979073,153.5922,29.32748]);
(Hsphere{30},0.2541504[-9.979073,153.5922,29.32748]);
(Hsphere{30},0.2590332[-9.979073,153.5922,29.32748]);
(Hsphere{30},0.263916[-9.979073,153.5922,29.32748]);
(Hsphere{30},0.2687988[-9.979073,155.6082,30.52748]);
(Hsphere{30},0.2738037[-9.979073,155.6082,30.52748]);
(Hsphere{30},0.2786865[-9.979073,155.6082,30.52748]);
(Hsphere{30},0.2835693[-9.979073,155.6082,30.52748]);
(Hsphere{30},0.2884521[-9.979073,157.5762,31.72748]);
(Hsphere{30},0.293457[-9.979073,157.5762,31.72748]);
(Hsphere{30},0.2982178[-9.979073,157.5762,31.72748]);
(Hsphere{30},0.3031006[-9.979073,157.5762,31.72748]);
(Hsphere{30},0.3081055[-9.979073,159.4962,32.92748]);
(Hsphere{30},0.3129883[-9.979073,159.4962,32.92748]);
(Hsphere{30},0.3179932[-9.979073,159.4962,32.92748]);
(Hsphere{30},0.3227539[-9.979073,159.4962,32.92748]);
(Hsphere{30},0.3280029[-9.979073,161.3682,34.12748]);
(Hsphere{30},0.3328857[-9.979073,161.3682,34.12748]);
(Hsphere{30},0.3374023[-9.979073,161.3682,34.12748]);
(Hsphere{30},0.3428955[-9.979073,161.3682,34.12748]);
(Hsphere{30},0.34729[-9.979073,163.1922,35.32748]);
(Hsphere{30},0.3521729[-9.979073,163.1922,35.32748]);
(Hsphere{30},0.3570557[-9.979073,163.1922,35.32748]);
(Hsphere{30},0.3624268[-9.979073,163.1922,35.32748]);
(Hsphere{30},0.3668213[-9.979073,164.9682,36.52748]);
(Hsphere{30},0.3721924[-9.979073,164.9682,36.52748]);
(Hsphere{30},0.376709[-9.979073,164.9682,36.52748]);
(Hsphere{30},0.381958[-9.979073,164.9682,36.52748]);
(Hsphere{30},0.3864746[-9.979073,166.6962,37.72748]);
(Hsphere{30},0.3919678[-9.979073,166.6962,37.72748]);
(Hsphere{30},0.3962402[-9.979073,166.6962,37.72748]);
(Hsphere{30},0.4017334[-9.979073,166.6962,37.72748]);
(Hsphere{30},0.4060059[-9.979073,168.3762,38.92748]);
(Hsphere{30},0.4110107[-9.979073,168.3762,38.92748]);
(Hsphere{30},0.4158936[-9.979073,168.3762,38.92748]);
(Hsphere{30},0.4208984[-9.979073,168.3762,38.92748]);
(Hsphere{30},0.4259033[-9.979073,170.0082,40.12748]);
(Hsphere{30},0.430542[-9.979073,170.0082,40.12748]);
(Hsphere{30},0.4354248[-9.979073,170.0082,40.12748]);
(Hsphere{30},0.4403076[-9.979073,170.0082,40.12748]);
(Hsphere{30},0.4453125[-9.979073,171.5922,41.32748]);
(Hsphere{30},0.4509277[-9.979073,171.5922,41.32748]);
(Hsphere{30},0.4550781[-9.979073,171.5922,41.32748]);
(Hsphere{30},0.4599609[-9.979073,171.5922,41.32748]);
(Hsphere{30},0.4649658[-9.979073,173.1282,42.52748]);
(Hsphere{30},0.4697266[-9.979073,173.1282,42.52748]);
(Hsphere{30},0.4746094[-9.979073,173.1282,42.52748]);
(Hsphere{30},0.4796143[-9.979073,173.1282,42.52748]);
(Hsphere{30},0.4844971[-9.979073,174.6162,43.72749]);
(Hsphere{30},0.4893799[-9.979073,174.6162,43.72749]);
(Hsphere{30},0.4942627[-9.979073,174.6162,43.72749]);
(Hsphere{30},0.4993896[-9.979073,174.6162,43.72749]);
(Hsphere{30},0.5040283[-9.979073,176.0562,44.92749]);
(Hsphere{30},0.5093994[-9.979073,176.0562,44.92749]);
(Hsphere{30},0.5137939[-9.979073,176.0562,44.92749]);
(Hsphere{30},0.5194092[-9.979073,176.0562,44.92749]);
(Hsphere{30},0.5236816[-9.979073,176.0562,44.92749]);
(Hsphere{30},0.5285645[-9.979073,177.4482,46.12749]);
(Hsphere{30},0.5334473[-9.979073,177.4482,46.12749]);
(Hsphere{30},0.5384521[-9.979073,177.4482,46.12749]);
(Hsphere{30},0.5432129[-9.979073,177.4482,46.12749]);
(Hsphere{30},0.5480957[-9.979073,178.7922,47.32749]);
(Hsphere{30},0.5531006[-9.979073,178.7922,47.32749]);
(Hsphere{30},0.5579834[-9.979073,178.7922,47.32749]);
(Hsphere{30},0.5628662[-9.979073,178.7922,47.32749]);
(Hsphere{30},0.567749[-9.979073,180.0882,48.52749]);
(Hsphere{30},0.5726318[-9.979073,180.0882,48.52749]);
(Hsphere{30},0.5775146[-9.979073,180.0882,48.52749]);
(Hsphere{30},0.5823975[-9.979073,180.0882,48.52749]);
(Hsphere{30},0.5874023[-9.979073,181.3362,49.72749]);
(Hsphere{30},0.5922852[-9.979073,181.3362,49.72749]);
(Hsphere{30},0.597168[-9.979073,181.3362,49.72749]);
(Hsphere{30},0.6020508[-9.979073,181.3362,49.72749]);
(Hsphere{30},0.6074219[-9.979073,182.5362,50.92749]);
(Hsphere{30},0.6118164[-9.979073,182.5362,50.92749]);
(Hsphere{30},0.6174316[-9.979073,182.5362,50.92749]);
(Hsphere{30},0.6217041[-9.979073,182.5362,50.92749]);
(Hsphere{30},0.6265869[-9.979073,183.6882,52.12749]);
(Hsphere{30},0.6322021[-9.979073,183.6882,52.12749]);
(Hsphere{30},0.6363525[-9.979073,183.6882,52.12749]);
(Hsphere{30},0.6414795[-9.979073,183.6882,52.12749]);
(Hsphere{30},0.6461182[-9.979073,184.7922,53.32749]);
(Hsphere{30},0.651001[-9.979073,184.7922,53.32749]);
(Hsphere{30},0.6560059[-9.979073,184.7922,53.32749]);
(Hsphere{30},0.661377[-9.979073,184.7922,53.32749]);
(Hsphere{30},0.6657715[-9.979073,185.8482,54.52749]);
(Hsphere{30},0.6713867[-9.979073,185.8482,54.52749]);
(Hsphere{30},0.6755371[-9.979073,185.8482,54.52749]);
(Hsphere{30},0.6811523[-9.979073,185.8482,54.52749]);
(Hsphere{30},0.6853027[-9.979073,186.8562,55.72749]);
(Hsphere{30},0.6903076[-9.979073,186.8562,55.72749]);
(Hsphere{30},0.6951904[-9.979073,186.8562,55.72749]);
(Hsphere{30},0.7001953[-9.979073,186.8562,55.72749]);
(Hsphere{30},0.7049561[-9.979073,187.8162,56.92749]);
(Hsphere{30},0.7102051[-9.979073,187.8162,56.92749]);
(Hsphere{30},0.7147217[-9.979073,187.8162,56.92749]);
(Hsphere{30},0.7202148[-9.979073,187.8162,56.92749]);
(Hsphere{30},0.7246094[-9.979073,188.7282,58.12749]);
(Hsphere{30},0.7302246[-9.979073,188.7282,58.12749]);
(Hsphere{30},0.734375[-9.979073,188.7282,58.12749]);
(Hsphere{30},0.7392578[-9.979073,188.7282,58.12749]);
(Hsphere{30},0.7441406[-9.979073,189.5922,59.3275]);
(Hsphere{30},0.7490234[-9.979073,189.5922,59.3275]);
(Hsphere{30},0.7539063[-9.979073,189.5922,59.3275]);
(Hsphere{30},0.7589111[-9.979073,189.5922,59.3275]);
(Hsphere{30},0.7637939[-9.979073,189.5922,59.3275]);
(Hsphere{30},0.7686768[-9.979073,190.4082,60.5275]);
(Hsphere{30},0.7736816[-9.979073,190.4082,60.5275]);
(Hsphere{30},0.7784424[-9.979073,190.4082,60.5275]);
(Hsphere{30},0.7833252[-9.979073,190.4082,60.5275]);
(Hsphere{30},0.7890625[-9.979073,191.1762,61.7275]);
(Hsphere{30},0.793335[-9.979073,191.1762,61.7275]);
(Hsphere{30},0.7980957[-9.979073,191.1762,61.7275]);
(Hsphere{30},0.8034668[-9.979073,191.1762,61.7275]);
(Hsphere{30},0.8078613[-9.979073,191.8962,62.9275]);
(Hsphere{30},0.8134766[-9.979073,191.8962,62.9275]);
(Hsphere{30},0.817627[-9.979073,191.8962,62.9275]);
(Hsphere{30},0.8225098[-9.979073,191.8962,62.9275]);
(Hsphere{30},0.8275146[-9.979073,192.5682,64.1275]);
(Hsphere{30},0.833252[-9.979073,192.5682,64.1275]);
(Hsphere{30},0.8375244[-9.979073,192.5682,64.1275]);
(Hsphere{30},0.8421631[-9.979073,192.5682,64.1275]);
(Hsphere{30},0.8474121[-9.979073,193.1922,65.3275]);
(Hsphere{30},0.8519287[-9.979073,193.1922,65.3275]);
(Hsphere{30},0.8568115[-9.979073,193.1922,65.3275]);
(Hsphere{30},0.8623047[-9.979073,193.1922,65.3275]);
(Hsphere{30},0.8666992[-9.979073,193.7682,66.5275]);
(Hsphere{30},0.8721924[-9.979073,193.7682,66.5275]);
(Hsphere{30},0.8764648[-9.979073,193.7682,66.5275]);
(Hsphere{30},0.8814697[-9.979073,193.7682,66.5275]);
(Hsphere{30},0.8862305[-9.979073,194.2962,67.7275]);
(Hsphere{30},0.8911133[-9.979073,194.2962,67.7275]);
(Hsphere{30},0.8959961[-9.979073,194.2962,67.7275]);
(Hsphere{30},0.9012451[-9.979073,194.2962,67.7275]);
(Hsphere{30},0.9058838[-9.979073,194.7762,68.92751]);
(Hsphere{30},0.9112549[-9.979073,194.7762,68.92751]);
(Hsphere{30},0.9156494[-9.979073,194.7762,68.92751]);
(Hsphere{30},0.9212646[-9.979073,194.7762,68.92751]);
(Hsphere{30},0.925415[-9.979073,195.2081,70.1275]);
(Hsphere{30},0.9302979[-9.979073,195.2081,70.1275]);
(Hsphere{30},0.9353027[-9.979073,195.2081,70.1275]);
(Hsphere{30},0.9401855[-9.979073,195.2081,70.1275]);
(Hsphere{30},0.9450684[-9.979073,195.5921,71.3275]);
(Hsphere{30},0.9500732[-9.979073,195.5921,71.3275]);
(Hsphere{30},0.954834[-9.979073,195.5921,71.3275]);
(Hsphere{30},0.960083[-9.979073,195.5921,71.3275]);
(Hsphere{30},0.9645996[-9.979073,195.9281,72.5275]);
(Hsphere{30},0.9700928[-9.979073,195.9281,72.5275]);
(Hsphere{30},0.9744873[-9.979073,195.9281,72.5275]);
(Hsphere{30},0.9801025[-9.979073,195.9281,72.5275]);
(Hsphere{30},0.9842529[-9.979073,196.2161,73.72751]);
(Hsphere{30},0.9891357[-9.979073,196.2161,73.72751]);
(Hsphere{30},0.9940186[-9.979073,196.2161,73.72751]);
(Hsphere{30},0.9989014[-9.979073,196.2161,73.72751]);
(Hsphere{30},1.003906[-9.979073,196.2161,73.72751]);
(Hsphere{30},1.008789[-9.979073,196.4561,74.92751]);
(Hsphere{30},1.013916[-9.979073,196.4561,74.92751]);
(Hsphere{30},1.018555[-9.979073,196.4561,74.92751]);
(Hsphere{30},1.023682[-9.979073,196.4561,74.92751]);
(Hsphere{30},1.02832[-9.979073,196.6481,76.1275]);
(Hsphere{30},1.033691[-9.979073,196.6481,76.1275]);
(Hsphere{30},1.038696[-9.979073,196.6481,76.1275]);
(Hsphere{30},1.043091[-9.979073,196.6481,76.1275]);
(Hsphere{30},1.048706[-9.979073,196.7921,77.32751]);
(Hsphere{30},1.052856[-9.979073,196.7921,77.32751]);
(Hsphere{30},1.057739[-9.979073,196.7921,77.32751]);
(Hsphere{30},1.062622[-9.979073,196.7921,77.32751]);
(Hsphere{30},1.067505[-9.979073,196.8881,78.52751]);
(Hsphere{30},1.07251[-9.979073,196.8881,78.52751]);
(Hsphere{30},1.077393[-9.979073,196.8881,78.52751]);
(Hsphere{30},1.082275[-9.979073,196.8881,78.52751]);
(Hsphere{30},1.08728[-9.979073,196.9361,79.72751]);
(Hsphere{30},1.092041[-9.979073,196.9361,79.72751]);
(Hsphere{30},1.09729[-9.979073,196.9361,79.72751]);
(Hsphere{30},1.101807[-9.979073,196.9361,79.72751]);
(Hsphere{30},1.107422[-9.979073,196.9361,80.92751]);
(Hsphere{30},2.145508[-2.401615E-07,-0.4935837,121.4925]);
}
