Jump:4{
(Hsphere{12},0.177002[-3.991629,62.17953,11.97099]);
(Hsphere{12},0.1812744[-3.991629,62.17953,11.97099]);
(Hsphere{12},0.1861572[-3.991629,62.17953,11.97099]);
(Hsphere{12},0.1911011[-3.991629,62.17953,11.97099]);
(Hsphere{12},0.1960449[-3.991629,62.17953,11.97099]);
(Hsphere{12},0.2008667[-3.991629,64.38754,13.17099]);
(Hsphere{12},0.2058105[-3.991629,64.38754,13.17099]);
(Hsphere{12},0.2113037[-3.991629,64.38754,13.17099]);
(Hsphere{12},0.2155762[-3.991629,64.38754,13.17099]);
(Hsphere{12},0.2205811[-3.991629,66.54753,14.37099]);
(Hsphere{12},0.2254639[-3.991629,66.54753,14.37099]);
(Hsphere{12},0.2304077[-3.991629,66.54753,14.37099]);
(Hsphere{12},0.2352905[-3.991629,66.54753,14.37099]);
(Hsphere{12},0.2403564[-3.991629,68.65953,15.57099]);
(Hsphere{12},0.2451172[-3.991629,68.65953,15.57099]);
(Hsphere{12},0.2503052[-3.991629,68.65953,15.57099]);
(Hsphere{12},0.2548828[-3.991629,68.65953,15.57099]);
(Hsphere{12},0.2597656[-3.991629,70.72353,16.77099]);
(Hsphere{12},0.2647095[-3.991629,70.72353,16.77099]);
(Hsphere{12},0.2695923[-3.991629,70.72353,16.77099]);
(Hsphere{12},0.2745972[-3.991629,70.72353,16.77099]);
(Hsphere{12},0.2793579[-3.991629,72.73953,17.97099]);
(Hsphere{12},0.2846069[-3.991629,72.73953,17.97099]);
(Hsphere{12},0.2891846[-3.991629,72.73953,17.97099]);
(Hsphere{12},0.2940674[-3.991629,72.73953,17.97099]);
(Hsphere{12},0.2990112[-3.991629,74.70753,19.17099]);
(Hsphere{12},0.303894[-3.991629,74.70753,19.17099]);
(Hsphere{12},0.30896[-3.991629,74.70753,19.17099]);
(Hsphere{12},0.3139648[-3.991629,74.70753,19.17099]);
(Hsphere{12},0.3186035[-3.991629,76.62753,20.37099]);
(Hsphere{12},0.3234863[-3.991629,76.62753,20.37099]);
(Hsphere{12},0.3289795[-3.991629,76.62753,20.37099]);
(Hsphere{12},0.333313[-3.991629,76.62753,20.37099]);
(Hsphere{12},0.3389893[-3.991629,78.49953,21.57099]);
(Hsphere{12},0.3430786[-3.991629,78.49953,21.57099]);
(Hsphere{12},0.3479614[-3.991629,78.49953,21.57099]);
(Hsphere{12},0.3529053[-3.991629,78.49953,21.57099]);
(Hsphere{12},0.3578491[-3.991629,80.32353,22.77099]);
(Hsphere{12},0.3626709[-3.991629,80.32353,22.77099]);
(Hsphere{12},0.3676147[-3.991629,80.32353,22.77099]);
(Hsphere{12},0.3724976[-3.991629,80.32353,22.77099]);
(Hsphere{12},0.3776855[-3.991629,82.09953,23.97099]);
(Hsphere{12},0.3822632[-3.991629,82.09953,23.97099]);
(Hsphere{12},0.3876953[-3.991629,82.09953,23.97099]);
(Hsphere{12},0.3920898[-3.991629,82.09953,23.97099]);
(Hsphere{12},0.397522[-3.991629,83.82753,25.17099]);
(Hsphere{12},0.4019165[-3.991629,83.82753,25.17099]);
(Hsphere{12},0.4067993[-3.991629,83.82753,25.17099]);
(Hsphere{12},0.4116821[-3.991629,83.82753,25.17099]);
(Hsphere{12},0.4174194[-3.991629,85.50753,26.37099]);
(Hsphere{12},0.4215088[-3.991629,85.50753,26.37099]);
(Hsphere{12},0.4263916[-3.991629,85.50753,26.37099]);
(Hsphere{12},0.4312744[-3.991629,85.50753,26.37099]);
(Hsphere{12},0.4361572[-3.991629,87.13953,27.57099]);
(Hsphere{12},0.4411011[-3.991629,87.13953,27.57099]);
(Hsphere{12},0.4464111[-3.991629,87.13953,27.57099]);
(Hsphere{12},0.4508667[-3.991629,87.13953,27.57099]);
(Hsphere{12},0.4564209[-3.991629,88.72353,28.77099]);
(Hsphere{12},0.4606934[-3.991629,88.72353,28.77099]);
(Hsphere{12},0.4664307[-3.991629,88.72353,28.77099]);
(Hsphere{12},0.470459[-3.991629,88.72353,28.77099]);
(Hsphere{12},0.4754028[-3.991629,88.72353,28.77099]);
(Hsphere{12},0.4802856[-3.991629,90.25954,29.97099]);
(Hsphere{12},0.4854126[-3.991629,90.25954,29.97099]);
(Hsphere{12},0.4901123[-3.991629,90.25954,29.97099]);
(Hsphere{12},0.4954224[-3.991629,90.25954,29.97099]);
(Hsphere{12},0.4998779[-3.991629,91.74753,31.171]);
(Hsphere{12},0.5054932[-3.991629,91.74753,31.171]);
(Hsphere{12},0.5097046[-3.991629,91.74753,31.171]);
(Hsphere{12},0.5145874[-3.991629,91.74753,31.171]);
(Hsphere{12},0.5194702[-3.991629,93.18753,32.37099]);
(Hsphere{12},0.5244141[-3.991629,93.18753,32.37099]);
(Hsphere{12},0.5292969[-3.991629,93.18753,32.37099]);
(Hsphere{12},0.5341797[-3.991629,93.18753,32.37099]);
(Hsphere{12},0.5390625[-3.991629,94.57953,33.571]);
(Hsphere{12},0.5440063[-3.991629,94.57953,33.571]);
(Hsphere{12},0.5488892[-3.991629,94.57953,33.571]);
(Hsphere{12},0.553772[-3.991629,94.57953,33.571]);
(Hsphere{12},0.5587158[-3.991629,95.92354,34.771]);
(Hsphere{12},0.5635986[-3.991629,95.92354,34.771]);
(Hsphere{12},0.5684814[-3.991629,95.92354,34.771]);
(Hsphere{12},0.5735474[-3.991629,95.92354,34.771]);
(Hsphere{12},0.5783081[-3.991629,97.21953,35.971]);
(Hsphere{12},0.5831909[-3.991629,97.21953,35.971]);
(Hsphere{12},0.5881348[-3.991629,97.21953,35.971]);
(Hsphere{12},0.5930176[-3.991629,97.21953,35.971]);
(Hsphere{12},0.5980225[-3.991629,98.46753,37.171]);
(Hsphere{12},0.6027832[-3.991629,98.46753,37.171]);
(Hsphere{12},0.6078491[-3.991629,98.46753,37.171]);
(Hsphere{12},0.6126099[-3.991629,98.46753,37.171]);
(Hsphere{12},0.6182861[-3.991629,99.66753,38.371]);
(Hsphere{12},0.6223755[-3.991629,99.66753,38.371]);
(Hsphere{12},0.6278687[-3.991629,99.66753,38.371]);
(Hsphere{12},0.6322632[-3.991629,99.66753,38.371]);
(Hsphere{12},0.6372681[-3.991629,100.8195,39.571]);
(Hsphere{12},0.6419678[-3.991629,100.8195,39.571]);
(Hsphere{12},0.6473999[-3.991629,100.8195,39.571]);
(Hsphere{12},0.6517944[-3.991629,100.8195,39.571]);
(Hsphere{12},0.6573486[-3.991629,101.9235,40.771]);
(Hsphere{12},0.6615601[-3.991629,101.9235,40.771]);
(Hsphere{12},0.6665039[-3.991629,101.9235,40.771]);
(Hsphere{12},0.6713867[-3.991629,101.9235,40.771]);
(Hsphere{12},0.6763306[-3.991629,102.9795,41.971]);
(Hsphere{12},0.6813354[-3.991629,102.9795,41.971]);
(Hsphere{12},0.6860962[-3.991629,102.9795,41.971]);
(Hsphere{12},0.690979[-3.991629,102.9795,41.971]);
(Hsphere{12},0.6958618[-3.991629,102.9795,41.971]);
(Hsphere{12},0.7008057[-3.991629,103.9875,43.17101]);
(Hsphere{12},0.7056885[-3.991629,103.9875,43.17101]);
(Hsphere{12},0.7105713[-3.991629,103.9875,43.17101]);
(Hsphere{12},0.7156982[-3.991629,103.9875,43.17101]);
(Hsphere{12},0.7203979[-3.991629,104.9475,44.371]);
(Hsphere{12},0.7258911[-3.991629,104.9475,44.371]);
(Hsphere{12},0.7301636[-3.991629,104.9475,44.371]);
(Hsphere{12},0.7351074[-3.991629,104.9475,44.371]);
(Hsphere{12},0.7401123[-3.991629,105.8595,45.57101]);
(Hsphere{12},0.744873[-3.991629,105.8595,45.57101]);
(Hsphere{12},0.749939[-3.991629,105.8595,45.57101]);
(Hsphere{12},0.7546997[-3.991629,105.8595,45.57101]);
(Hsphere{12},0.7595825[-3.991629,106.7235,46.771]);
(Hsphere{12},0.7649536[-3.991629,106.7235,46.771]);
(Hsphere{12},0.7694092[-3.991629,106.7235,46.771]);
(Hsphere{12},0.7749634[-3.991629,106.7235,46.771]);
(Hsphere{12},0.7791748[-3.991629,107.5395,47.97101]);
(Hsphere{12},0.7849731[-3.991629,107.5395,47.97101]);
(Hsphere{12},0.7890625[-3.991629,107.5395,47.97101]);
(Hsphere{12},0.7938843[-3.991629,107.5395,47.97101]);
(Hsphere{12},0.7988281[-3.991629,108.3075,49.17101]);
(Hsphere{12},0.8037109[-3.991629,108.3075,49.17101]);
(Hsphere{12},0.8088379[-3.991629,108.3075,49.17101]);
(Hsphere{12},0.8134766[-3.991629,108.3075,49.17101]);
(Hsphere{12},0.8183594[-3.991629,109.0275,50.37101]);
(Hsphere{12},0.8238525[-3.991629,109.0275,50.37101]);
(Hsphere{12},0.828186[-3.991629,109.0275,50.37101]);
(Hsphere{12},0.8338623[-3.991629,109.0275,50.37101]);
(Hsphere{12},0.8380127[-3.991629,109.6995,51.57101]);
(Hsphere{12},0.8428955[-3.991629,109.6995,51.57101]);
(Hsphere{12},0.8479004[-3.991629,109.6995,51.57101]);
(Hsphere{12},0.8526611[-3.991629,109.6995,51.57101]);
(Hsphere{12},0.8578491[-3.991629,110.3235,52.77101]);
(Hsphere{12},0.8624878[-3.991629,110.3235,52.77101]);
(Hsphere{12},0.8675537[-3.991629,110.3235,52.77101]);
(Hsphere{12},0.8723145[-3.991629,110.3235,52.77101]);
(Hsphere{12},0.8775635[-3.991629,110.8995,53.97101]);
(Hsphere{12},0.8820801[-3.991629,110.8995,53.97101]);
(Hsphere{12},0.8870239[-3.991629,110.8995,53.97101]);
(Hsphere{12},0.8920898[-3.991629,110.8995,53.97101]);
(Hsphere{12},0.8967896[-3.991629,111.4275,55.17101]);
(Hsphere{12},0.9018555[-3.991629,111.4275,55.17101]);
(Hsphere{12},0.9068604[-3.991629,111.4275,55.17101]);
(Hsphere{12},0.911499[-3.991629,111.4275,55.17101]);
(Hsphere{12},0.9168701[-3.991629,111.9075,56.37101]);
(Hsphere{12},0.9212646[-3.991629,111.9075,56.37101]);
(Hsphere{12},0.9268799[-3.991629,111.9075,56.37101]);
(Hsphere{12},0.9310913[-3.991629,111.9075,56.37101]);
(Hsphere{12},0.9359741[-3.991629,111.9075,56.37101]);
(Hsphere{12},0.9408569[-3.991629,112.3395,57.57101]);
(Hsphere{12},0.9459229[-3.991629,112.3395,57.57101]);
(Hsphere{12},0.9506836[-3.991629,112.3395,57.57101]);
(Hsphere{12},0.9555664[-3.991629,112.3395,57.57101]);
(Hsphere{12},0.9605103[-3.991629,112.7235,58.77101]);
(Hsphere{12},0.9653931[-3.991629,112.7235,58.77101]);
(Hsphere{12},0.9702759[-3.991629,112.7235,58.77101]);
(Hsphere{12},0.9751587[-3.991629,112.7235,58.77101]);
(Hsphere{12},0.9801636[-3.991629,113.0595,59.97102]);
(Hsphere{12},0.9849854[-3.991629,113.0595,59.97102]);
(Hsphere{12},0.9899292[-3.991629,113.0595,59.97102]);
(Hsphere{12},0.994873[-3.991629,113.0595,59.97102]);
(Hsphere{12},0.9996948[-3.991629,113.3475,61.17101]);
(Hsphere{12},1.004883[-3.991629,113.3475,61.17101]);
(Hsphere{12},1.00946[-3.991629,113.3475,61.17101]);
(Hsphere{12},1.014893[-3.991629,113.3475,61.17101]);
(Hsphere{12},1.019287[-3.991629,113.5875,62.37102]);
(Hsphere{12},1.024902[-3.991629,113.5875,62.37102]);
(Hsphere{12},1.029114[-3.991629,113.5875,62.37102]);
(Hsphere{12},1.033997[-3.991629,113.5875,62.37102]);
(Hsphere{12},1.039673[-3.991629,113.7795,63.57101]);
(Hsphere{12},1.043762[-3.991629,113.7795,63.57101]);
(Hsphere{12},1.048706[-3.991629,113.7795,63.57101]);
(Hsphere{12},1.053711[-3.991629,113.7795,63.57101]);
(Hsphere{12},1.058472[-3.991629,113.9235,64.77102]);
(Hsphere{12},1.063721[-3.991629,113.9235,64.77102]);
(Hsphere{12},1.068298[-3.991629,113.9235,64.77102]);
(Hsphere{12},1.073181[-3.991629,113.9235,64.77102]);
(Hsphere{12},1.078064[-3.991629,114.0195,65.97102]);
(Hsphere{12},1.083008[-3.991629,114.0195,65.97102]);
(Hsphere{12},1.088013[-3.991629,114.0195,65.97102]);
(Hsphere{12},1.092773[-3.991629,114.0195,65.97102]);
(Hsphere{12},1.098022[-3.991629,114.0675,67.17102]);
(Hsphere{12},1.1026[-3.991629,114.0675,67.17102]);
(Hsphere{12},1.10791[-3.991629,114.0675,67.17102]);
(Hsphere{12},1.112366[-3.991629,114.0675,67.17102]);
(Hsphere{12},1.117859[-3.991629,114.0675,68.37102]);
(Hsphere{12},2.136475[-3.698253E-09,-0.1021461,120.5242]);
}
