Jump:6{
(Hsphere{18},0.1762085[-5.987444,87.50876,14.95649]);
(Hsphere{18},0.1807251[-5.987444,89.76476,16.15649]);
(Hsphere{18},0.1856079[-5.987444,89.76476,16.15649]);
(Hsphere{18},0.1904907[-5.987444,89.76476,16.15649]);
(Hsphere{18},0.196167[-5.987444,89.76476,16.15649]);
(Hsphere{18},0.2003174[-5.987444,91.97276,17.35649]);
(Hsphere{18},0.2053833[-5.987444,91.97276,17.35649]);
(Hsphere{18},0.210083[-5.987444,91.97276,17.35649]);
(Hsphere{18},0.2150269[-5.987444,91.97276,17.35649]);
(Hsphere{18},0.2199097[-5.987444,94.13277,18.55649]);
(Hsphere{18},0.2247925[-5.987444,94.13277,18.55649]);
(Hsphere{18},0.2297974[-5.987444,94.13277,18.55649]);
(Hsphere{18},0.2346191[-5.987444,94.13277,18.55649]);
(Hsphere{18},0.239502[-5.987444,96.24477,19.75649]);
(Hsphere{18},0.2443848[-5.987444,96.24477,19.75649]);
(Hsphere{18},0.2493286[-5.987444,96.24477,19.75649]);
(Hsphere{18},0.2542114[-5.987444,96.24477,19.75649]);
(Hsphere{18},0.2590942[-5.987444,96.24477,19.75649]);
(Hsphere{18},0.2640381[-5.987444,98.30876,20.95649]);
(Hsphere{18},0.2689209[-5.987444,98.30876,20.95649]);
(Hsphere{18},0.2739868[-5.987444,98.30876,20.95649]);
(Hsphere{18},0.2788086[-5.987444,98.30876,20.95649]);
(Hsphere{18},0.2839966[-5.987444,100.3248,22.15649]);
(Hsphere{18},0.2885132[-5.987444,100.3248,22.15649]);
(Hsphere{18},0.2940063[-5.987444,100.3248,22.15649]);
(Hsphere{18},0.2983398[-5.987444,100.3248,22.15649]);
(Hsphere{18},0.3032227[-5.987444,102.2928,23.35649]);
(Hsphere{18},0.3081055[-5.987444,102.2928,23.35649]);
(Hsphere{18},0.3129883[-5.987444,102.2928,23.35649]);
(Hsphere{18},0.3179321[-5.987444,102.2928,23.35649]);
(Hsphere{18},0.3228149[-5.987444,104.2128,24.55649]);
(Hsphere{18},0.3276978[-5.987444,104.2128,24.55649]);
(Hsphere{18},0.3326416[-5.987444,104.2128,24.55649]);
(Hsphere{18},0.3375244[-5.987444,104.2128,24.55649]);
(Hsphere{18},0.3426514[-5.987444,106.0848,25.75649]);
(Hsphere{18},0.34729[-5.987444,106.0848,25.75649]);
(Hsphere{18},0.3526611[-5.987444,106.0848,25.75649]);
(Hsphere{18},0.3571167[-5.987444,106.0848,25.75649]);
(Hsphere{18},0.3626709[-5.987444,107.9088,26.95649]);
(Hsphere{18},0.3669434[-5.987444,107.9088,26.95649]);
(Hsphere{18},0.3718262[-5.987444,107.9088,26.95649]);
(Hsphere{18},0.3771973[-5.987444,107.9088,26.95649]);
(Hsphere{18},0.3815918[-5.987444,109.6848,28.15649]);
(Hsphere{18},0.3865356[-5.987444,109.6848,28.15649]);
(Hsphere{18},0.3914185[-5.987444,109.6848,28.15649]);
(Hsphere{18},0.3963013[-5.987444,109.6848,28.15649]);
(Hsphere{18},0.4011841[-5.987444,111.4128,29.35649]);
(Hsphere{18},0.4061279[-5.987444,111.4128,29.35649]);
(Hsphere{18},0.4110107[-5.987444,111.4128,29.35649]);
(Hsphere{18},0.4159546[-5.987444,111.4128,29.35649]);
(Hsphere{18},0.4208374[-5.987444,113.0928,30.55649]);
(Hsphere{18},0.4265137[-5.987444,113.0928,30.55649]);
(Hsphere{18},0.430603[-5.987444,113.0928,30.55649]);
(Hsphere{18},0.4354858[-5.987444,113.0928,30.55649]);
(Hsphere{18},0.4404907[-5.987444,114.7248,31.75649]);
(Hsphere{18},0.4453125[-5.987444,114.7248,31.75649]);
(Hsphere{18},0.4503784[-5.987444,114.7248,31.75649]);
(Hsphere{18},0.4551392[-5.987444,114.7248,31.75649]);
(Hsphere{18},0.460022[-5.987444,116.3088,32.95649]);
(Hsphere{18},0.4653931[-5.987444,116.3088,32.95649]);
(Hsphere{18},0.4697876[-5.987444,116.3088,32.95649]);
(Hsphere{18},0.4747314[-5.987444,116.3088,32.95649]);
(Hsphere{18},0.4796143[-5.987444,117.8448,34.15649]);
(Hsphere{18},0.4854126[-5.987444,117.8448,34.15649]);
(Hsphere{18},0.4894409[-5.987444,117.8448,34.15649]);
(Hsphere{18},0.4943237[-5.987444,117.8448,34.15649]);
(Hsphere{18},0.4993286[-5.987444,117.8448,34.15649]);
(Hsphere{18},0.5040894[-5.987444,119.3328,35.35649]);
(Hsphere{18},0.5090332[-5.987444,119.3328,35.35649]);
(Hsphere{18},0.513916[-5.987444,119.3328,35.35649]);
(Hsphere{18},0.5187988[-5.987444,119.3328,35.35649]);
(Hsphere{18},0.5237427[-5.987444,120.7728,36.55649]);
(Hsphere{18},0.5286255[-5.987444,120.7728,36.55649]);
(Hsphere{18},0.5337524[-5.987444,120.7728,36.55649]);
(Hsphere{18},0.5383911[-5.987444,120.7728,36.55649]);
(Hsphere{18},0.5437622[-5.987444,122.1648,37.75649]);
(Hsphere{18},0.5487671[-5.987444,122.1648,37.75649]);
(Hsphere{18},0.5531006[-5.987444,122.1648,37.75649]);
(Hsphere{18},0.5579834[-5.987444,122.1648,37.75649]);
(Hsphere{18},0.5629272[-5.987444,123.5088,38.95649]);
(Hsphere{18},0.5678101[-5.987444,123.5088,38.95649]);
(Hsphere{18},0.5727539[-5.987444,123.5088,38.95649]);
(Hsphere{18},0.5776367[-5.987444,123.5088,38.95649]);
(Hsphere{18},0.583313[-5.987444,124.8048,40.15649]);
(Hsphere{18},0.5874023[-5.987444,124.8048,40.15649]);
(Hsphere{18},0.5922852[-5.987444,124.8048,40.15649]);
(Hsphere{18},0.597229[-5.987444,124.8048,40.15649]);
(Hsphere{18},0.6021118[-5.987444,126.0528,41.35649]);
(Hsphere{18},0.6069946[-5.987444,126.0528,41.35649]);
(Hsphere{18},0.6119385[-5.987444,126.0528,41.35649]);
(Hsphere{18},0.6168213[-5.987444,126.0528,41.35649]);
(Hsphere{18},0.6217041[-5.987444,127.2528,42.5565]);
(Hsphere{18},0.6265869[-5.987444,127.2528,42.5565]);
(Hsphere{18},0.6315308[-5.987444,127.2528,42.5565]);
(Hsphere{18},0.6364136[-5.987444,127.2528,42.5565]);
(Hsphere{18},0.6412964[-5.987444,128.4048,43.7565]);
(Hsphere{18},0.6462402[-5.987444,128.4048,43.7565]);
(Hsphere{18},0.6511841[-5.987444,128.4048,43.7565]);
(Hsphere{18},0.656189[-5.987444,128.4048,43.7565]);
(Hsphere{18},0.6611938[-5.987444,129.5088,44.9565]);
(Hsphere{18},0.6658325[-5.987444,129.5088,44.9565]);
(Hsphere{18},0.6714478[-5.987444,129.5088,44.9565]);
(Hsphere{18},0.6755981[-5.987444,129.5088,44.9565]);
(Hsphere{18},0.680542[-5.987444,130.5648,46.1565]);
(Hsphere{18},0.6854248[-5.987444,130.5648,46.1565]);
(Hsphere{18},0.6904297[-5.987444,130.5648,46.1565]);
(Hsphere{18},0.696167[-5.987444,130.5648,46.1565]);
(Hsphere{18},0.7001343[-5.987444,131.5728,47.3565]);
(Hsphere{18},0.7054443[-5.987444,131.5728,47.3565]);
(Hsphere{18},0.7098999[-5.987444,131.5728,47.3565]);
(Hsphere{18},0.7148438[-5.987444,131.5728,47.3565]);
(Hsphere{18},0.7197876[-5.987444,132.5327,48.5565]);
(Hsphere{18},0.7246094[-5.987444,132.5327,48.5565]);
(Hsphere{18},0.7294922[-5.987444,132.5327,48.5565]);
(Hsphere{18},0.734436[-5.987444,132.5327,48.5565]);
(Hsphere{18},0.7393799[-5.987444,132.5327,48.5565]);
(Hsphere{18},0.7443848[-5.987444,133.4447,49.7565]);
(Hsphere{18},0.7490845[-5.987444,133.4447,49.7565]);
(Hsphere{18},0.7543945[-5.987444,133.4447,49.7565]);
(Hsphere{18},0.7589111[-5.987444,133.4447,49.7565]);
(Hsphere{18},0.7642212[-5.987444,134.3087,50.9565]);
(Hsphere{18},0.769104[-5.987444,134.3087,50.9565]);
(Hsphere{18},0.7736206[-5.987444,134.3087,50.9565]);
(Hsphere{18},0.7785034[-5.987444,134.3087,50.9565]);
(Hsphere{18},0.7841187[-5.987444,135.1248,52.1565]);
(Hsphere{18},0.7883301[-5.987444,135.1248,52.1565]);
(Hsphere{18},0.7932129[-5.987444,135.1248,52.1565]);
(Hsphere{18},0.7981567[-5.987444,135.1248,52.1565]);
(Hsphere{18},0.8030396[-5.987444,135.8927,53.3565]);
(Hsphere{18},0.8081055[-5.987444,135.8927,53.3565]);
(Hsphere{18},0.8128052[-5.987444,135.8927,53.3565]);
(Hsphere{18},0.817688[-5.987444,135.8927,53.3565]);
(Hsphere{18},0.8226318[-5.987444,136.6127,54.5565]);
(Hsphere{18},0.8280029[-5.987444,136.6127,54.5565]);
(Hsphere{18},0.8323975[-5.987444,136.6127,54.5565]);
(Hsphere{18},0.8380127[-5.987444,136.6127,54.5565]);
(Hsphere{18},0.8422241[-5.987444,137.2847,55.7565]);
(Hsphere{18},0.8474121[-5.987444,137.2847,55.7565]);
(Hsphere{18},0.852417[-5.987444,137.2847,55.7565]);
(Hsphere{18},0.8571777[-5.987444,137.2847,55.7565]);
(Hsphere{18},0.8618164[-5.987444,137.9088,56.9565]);
(Hsphere{18},0.8666992[-5.987444,137.9088,56.9565]);
(Hsphere{18},0.8716431[-5.987444,137.9088,56.9565]);
(Hsphere{18},0.8765259[-5.987444,137.9088,56.9565]);
(Hsphere{18},0.8815308[-5.987444,138.4847,58.15651]);
(Hsphere{18},0.8864136[-5.987444,138.4847,58.15651]);
(Hsphere{18},0.8914185[-5.987444,138.4847,58.15651]);
(Hsphere{18},0.8961792[-5.987444,138.4847,58.15651]);
(Hsphere{18},0.9014282[-5.987444,139.0127,59.35651]);
(Hsphere{18},0.9058838[-5.987444,139.0127,59.35651]);
(Hsphere{18},0.911438[-5.987444,139.0127,59.35651]);
(Hsphere{18},0.9161987[-5.987444,139.0127,59.35651]);
(Hsphere{18},0.9205933[-5.987444,139.4927,60.55651]);
(Hsphere{18},0.9259033[-5.987444,139.4927,60.55651]);
(Hsphere{18},0.9304199[-5.987444,139.4927,60.55651]);
(Hsphere{18},0.9361572[-5.987444,139.4927,60.55651]);
(Hsphere{18},0.9401855[-5.987444,139.9247,61.75651]);
(Hsphere{18},0.9454346[-5.987444,139.9247,61.75651]);
(Hsphere{18},0.9500122[-5.987444,139.9247,61.75651]);
(Hsphere{18},0.9553833[-5.987444,139.9247,61.75651]);
(Hsphere{18},0.9598389[-5.987444,140.3087,62.95651]);
(Hsphere{18},0.9653931[-5.987444,140.3087,62.95651]);
(Hsphere{18},0.9696045[-5.987444,140.3087,62.95651]);
(Hsphere{18},0.9744873[-5.987444,140.3087,62.95651]);
(Hsphere{18},0.9794312[-5.987444,140.3087,62.95651]);
(Hsphere{18},0.984436[-5.987444,140.6447,64.15651]);
(Hsphere{18},0.9891968[-5.987444,140.6447,64.15651]);
(Hsphere{18},0.9941406[-5.987444,140.6447,64.15651]);
(Hsphere{18},0.9990234[-5.987444,140.6447,64.15651]);
(Hsphere{18},1.003906[-5.987444,140.9327,65.35651]);
(Hsphere{18},1.008789[-5.987444,140.9327,65.35651]);
(Hsphere{18},1.013733[-5.987444,140.9327,65.35651]);
(Hsphere{18},1.018738[-5.987444,140.9327,65.35651]);
(Hsphere{18},1.023499[-5.987444,141.1727,66.55651]);
(Hsphere{18},1.028442[-5.987444,141.1727,66.55651]);
(Hsphere{18},1.033386[-5.987444,141.1727,66.55651]);
(Hsphere{18},1.038208[-5.987444,141.1727,66.55651]);
(Hsphere{18},1.043335[-5.987444,141.3647,67.75652]);
(Hsphere{18},1.048035[-5.987444,141.3647,67.75652]);
(Hsphere{18},1.053345[-5.987444,141.3647,67.75652]);
(Hsphere{18},1.0578[-5.987444,141.3647,67.75652]);
(Hsphere{18},1.063354[-5.987444,141.5087,68.95651]);
(Hsphere{18},1.067627[-5.987444,141.5087,68.95651]);
(Hsphere{18},1.073364[-5.987444,141.5087,68.95651]);
(Hsphere{18},1.077393[-5.987444,141.5087,68.95651]);
(Hsphere{18},1.082336[-5.987444,141.6047,70.15652]);
(Hsphere{18},1.087219[-5.987444,141.6047,70.15652]);
(Hsphere{18},1.092102[-5.987444,141.6047,70.15652]);
(Hsphere{18},1.096985[-5.987444,141.6047,70.15652]);
(Hsphere{18},1.101929[-5.987444,141.6527,71.35651]);
(Hsphere{18},1.106812[-5.987444,141.6527,71.35651]);
(Hsphere{18},1.111816[-5.987444,141.6527,71.35651]);
(Hsphere{18},1.116821[-5.987444,141.6527,71.35651]);
(Hsphere{18},1.121521[-5.987444,141.6527,72.55652]);
(Hsphere{18},2.140686[-2.337889E-09,-0.2021332,120.5243]);
}
