Jump:1{
(Hsphere{3},0.1763306[-0.9979073,18.54627,3.544748]);
(Hsphere{3},0.1812744[-0.9979073,20.80227,4.270748]);
(Hsphere{3},0.1860962[-0.9979073,20.80227,4.270748]);
(Hsphere{3},0.1911011[-0.9979073,20.80227,4.270748]);
(Hsphere{3},0.1959229[-0.9979073,20.80227,4.270748]);
(Hsphere{3},0.2008057[-0.9979073,20.80227,4.270748]);
(Hsphere{3},0.2061157[-0.9979073,23.01027,4.996748]);
(Hsphere{3},0.2106323[-0.9979073,23.01027,4.996748]);
(Hsphere{3},0.2161255[-0.9979073,23.01027,4.996748]);
(Hsphere{3},0.2203979[-0.9979073,23.01027,4.996748]);
(Hsphere{3},0.2261353[-0.9979073,25.17027,5.722748]);
(Hsphere{3},0.2302246[-0.9979073,25.17027,5.722748]);
(Hsphere{3},0.2351074[-0.9979073,25.17027,5.722748]);
(Hsphere{3},0.2400513[-0.9979073,25.17027,5.722748]);
(Hsphere{3},0.2449341[-0.9979073,27.28227,6.448748]);
(Hsphere{3},0.2501221[-0.9979073,27.28227,6.448748]);
(Hsphere{3},0.2546997[-0.9979073,27.28227,6.448748]);
(Hsphere{3},0.2601318[-0.9979073,27.28227,6.448748]);
(Hsphere{3},0.2645264[-0.9979073,29.34627,7.174747]);
(Hsphere{3},0.2694092[-0.9979073,29.34627,7.174747]);
(Hsphere{3},0.274353[-0.9979073,29.34627,7.174747]);
(Hsphere{3},0.2792358[-0.9979073,29.34627,7.174747]);
(Hsphere{3},0.2841187[-0.9979073,31.36227,7.900747]);
(Hsphere{3},0.2891235[-0.9979073,31.36227,7.900747]);
(Hsphere{3},0.2939453[-0.9979073,31.36227,7.900747]);
(Hsphere{3},0.2991333[-0.9979073,31.36227,7.900747]);
(Hsphere{3},0.3037109[-0.9979073,33.33027,8.626747]);
(Hsphere{3},0.3085938[-0.9979073,33.33027,8.626747]);
(Hsphere{3},0.3135376[-0.9979073,33.33027,8.626747]);
(Hsphere{3},0.3184204[-0.9979073,33.33027,8.626747]);
(Hsphere{3},0.3235474[-0.9979073,35.25027,9.352747]);
(Hsphere{3},0.3282471[-0.9979073,35.25027,9.352747]);
(Hsphere{3},0.3335571[-0.9979073,35.25027,9.352747]);
(Hsphere{3},0.3380127[-0.9979073,35.25027,9.352747]);
(Hsphere{3},0.343689[-0.9979073,37.12227,10.07875]);
(Hsphere{3},0.3486938[-0.9979073,37.12227,10.07875]);
(Hsphere{3},0.3527222[-0.9979073,37.12227,10.07875]);
(Hsphere{3},0.357605[-0.9979073,37.12227,10.07875]);
(Hsphere{3},0.3625488[-0.9979073,38.94627,10.80475]);
(Hsphere{3},0.3675537[-0.9979073,38.94627,10.80475]);
(Hsphere{3},0.3723145[-0.9979073,38.94627,10.80475]);
(Hsphere{3},0.3775635[-0.9979073,38.94627,10.80475]);
(Hsphere{3},0.3821411[-0.9979073,40.72227,11.53075]);
(Hsphere{3},0.3870239[-0.9979073,40.72227,11.53075]);
(Hsphere{3},0.3919067[-0.9979073,40.72227,11.53075]);
(Hsphere{3},0.3969116[-0.9979073,40.72227,11.53075]);
(Hsphere{3},0.4017334[-0.9979073,42.45027,12.25675]);
(Hsphere{3},0.4069824[-0.9979073,42.45027,12.25675]);
(Hsphere{3},0.411499[-0.9979073,42.45027,12.25675]);
(Hsphere{3},0.4164429[-0.9979073,42.45027,12.25675]);
(Hsphere{3},0.4223022[-0.9979073,44.13027,12.98275]);
(Hsphere{3},0.4262085[-0.9979073,44.13027,12.98275]);
(Hsphere{3},0.4311523[-0.9979073,44.13027,12.98275]);
(Hsphere{3},0.4360352[-0.9979073,44.13027,12.98275]);
(Hsphere{3},0.440918[-0.9979073,44.13027,12.98275]);
(Hsphere{3},0.4465942[-0.9979073,45.76227,13.70875]);
(Hsphere{3},0.4507446[-0.9979073,45.76227,13.70875]);
(Hsphere{3},0.4556274[-0.9979073,45.76227,13.70875]);
(Hsphere{3},0.4605103[-0.9979073,45.76227,13.70875]);
(Hsphere{3},0.4653931[-0.9979073,47.34627,14.43475]);
(Hsphere{3},0.47052[-0.9979073,47.34627,14.43475]);
(Hsphere{3},0.4752197[-0.9979073,47.34627,14.43475]);
(Hsphere{3},0.4801025[-0.9979073,47.34627,14.43475]);
(Hsphere{3},0.4850464[-0.9979073,48.88227,15.16075]);
(Hsphere{3},0.4900513[-0.9979073,48.88227,15.16075]);
(Hsphere{3},0.494812[-0.9979073,48.88227,15.16075]);
(Hsphere{3},0.500061[-0.9979073,48.88227,15.16075]);
(Hsphere{3},0.5050659[-0.9979073,50.37027,15.88675]);
(Hsphere{3},0.5100708[-0.9979073,50.37027,15.88675]);
(Hsphere{3},0.5150757[-0.9979073,50.37027,15.88675]);
(Hsphere{3},0.5193481[-0.9979073,50.37027,15.88675]);
(Hsphere{3},0.524231[-0.9979073,51.81026,16.61275]);
(Hsphere{3},0.5291138[-0.9979073,51.81026,16.61275]);
(Hsphere{3},0.5339966[-0.9979073,51.81026,16.61275]);
(Hsphere{3},0.5391235[-0.9979073,51.81026,16.61275]);
(Hsphere{3},0.5438232[-0.9979073,53.20226,17.33875]);
(Hsphere{3},0.5487061[-0.9979073,53.20226,17.33875]);
(Hsphere{3},0.5536499[-0.9979073,53.20226,17.33875]);
(Hsphere{3},0.5585327[-0.9979073,53.20226,17.33875]);
(Hsphere{3},0.5634155[-0.9979073,54.54626,18.06474]);
(Hsphere{3},0.5682983[-0.9979073,54.54626,18.06474]);
(Hsphere{3},0.5732422[-0.9979073,54.54626,18.06474]);
(Hsphere{3},0.578125[-0.9979073,54.54626,18.06474]);
(Hsphere{3},0.5831299[-0.9979073,55.84226,18.79075]);
(Hsphere{3},0.5881348[-0.9979073,55.84226,18.79075]);
(Hsphere{3},0.5928345[-0.9979073,55.84226,18.79075]);
(Hsphere{3},0.5977173[-0.9979073,55.84226,18.79075]);
(Hsphere{3},0.6031494[-0.9979073,57.09026,19.51675]);
(Hsphere{3},0.6081543[-0.9979073,57.09026,19.51675]);
(Hsphere{3},0.6124268[-0.9979073,57.09026,19.51675]);
(Hsphere{3},0.6173096[-0.9979073,57.09026,19.51675]);
(Hsphere{3},0.6221924[-0.9979073,58.29026,20.24275]);
(Hsphere{3},0.6271362[-0.9979073,58.29026,20.24275]);
(Hsphere{3},0.632019[-0.9979073,58.29026,20.24275]);
(Hsphere{3},0.637085[-0.9979073,58.29026,20.24275]);
(Hsphere{3},0.6418457[-0.9979073,59.44226,20.96875]);
(Hsphere{3},0.6467285[-0.9979073,59.44226,20.96875]);
(Hsphere{3},0.6522827[-0.9979073,59.44226,20.96875]);
(Hsphere{3},0.6572876[-0.9979073,59.44226,20.96875]);
(Hsphere{3},0.661438[-0.9979073,60.54626,21.69475]);
(Hsphere{3},0.6663818[-0.9979073,60.54626,21.69475]);
(Hsphere{3},0.6712036[-0.9979073,60.54626,21.69475]);
(Hsphere{3},0.6761475[-0.9979073,60.54626,21.69475]);
(Hsphere{3},0.6810303[-0.9979073,60.54626,21.69475]);
(Hsphere{3},0.6860352[-0.9979073,61.60226,22.42075]);
(Hsphere{3},0.6907959[-0.9979073,61.60226,22.42075]);
(Hsphere{3},0.6960449[-0.9979073,61.60226,22.42075]);
(Hsphere{3},0.7009888[-0.9979073,61.60226,22.42075]);
(Hsphere{3},0.7055054[-0.9979073,62.61026,23.14675]);
(Hsphere{3},0.7109985[-0.9979073,62.61026,23.14675]);
(Hsphere{3},0.715332[-0.9979073,62.61026,23.14675]);
(Hsphere{3},0.7202148[-0.9979073,62.61026,23.14675]);
(Hsphere{3},0.7251587[-0.9979073,63.57026,23.87275]);
(Hsphere{3},0.7300415[-0.9979073,63.57026,23.87275]);
(Hsphere{3},0.7351685[-0.9979073,63.57026,23.87275]);
(Hsphere{3},0.7398071[-0.9979073,63.57026,23.87275]);
(Hsphere{3},0.744751[-0.9979073,64.48226,24.59875]);
(Hsphere{3},0.7496338[-0.9979073,64.48226,24.59875]);
(Hsphere{3},0.7545166[-0.9979073,64.48226,24.59875]);
(Hsphere{3},0.7601318[-0.9979073,64.48226,24.59875]);
(Hsphere{3},0.7643433[-0.9979073,65.34626,25.32475]);
(Hsphere{3},0.7692261[-0.9979073,65.34626,25.32475]);
(Hsphere{3},0.7741699[-0.9979073,65.34626,25.32475]);
(Hsphere{3},0.7791748[-0.9979073,65.34626,25.32475]);
(Hsphere{3},0.7841797[-0.9979073,66.16225,26.05075]);
(Hsphere{3},0.7891846[-0.9979073,66.16225,26.05075]);
(Hsphere{3},0.7941895[-0.9979073,66.16225,26.05075]);
(Hsphere{3},0.7991943[-0.9979073,66.16225,26.05075]);
(Hsphere{3},0.8040771[-0.9979073,66.93025,26.77674]);
(Hsphere{3},0.8084106[-0.9979073,66.93025,26.77674]);
(Hsphere{3},0.8132935[-0.9979073,66.93025,26.77674]);
(Hsphere{3},0.8182373[-0.9979073,66.93025,26.77674]);
(Hsphere{3},0.8231201[-0.9979073,67.65025,27.50274]);
(Hsphere{3},0.828064[-0.9979073,67.65025,27.50274]);
(Hsphere{3},0.8329468[-0.9979073,67.65025,27.50274]);
(Hsphere{3},0.8380737[-0.9979073,67.65025,27.50274]);
(Hsphere{3},0.8427124[-0.9979073,68.32225,28.22874]);
(Hsphere{3},0.8475952[-0.9979073,68.32225,28.22874]);
(Hsphere{3},0.8525391[-0.9979073,68.32225,28.22874]);
(Hsphere{3},0.8574219[-0.9979073,68.32225,28.22874]);
(Hsphere{3},0.8630981[-0.9979073,68.94625,28.95474]);
(Hsphere{3},0.868103[-0.9979073,68.94625,28.95474]);
(Hsphere{3},0.8730469[-0.9979073,68.94625,28.95474]);
(Hsphere{3},0.8770142[-0.9979073,68.94625,28.95474]);
(Hsphere{3},0.882019[-0.9979073,69.52225,29.68074]);
(Hsphere{3},0.8870239[-0.9979073,69.52225,29.68074]);
(Hsphere{3},0.8917236[-0.9979073,69.52225,29.68074]);
(Hsphere{3},0.8966064[-0.9979073,69.52225,29.68074]);
(Hsphere{3},0.9024048[-0.9979073,70.05025,30.40674]);
(Hsphere{3},0.9064331[-0.9979073,70.05025,30.40674]);
(Hsphere{3},0.9113159[-0.9979073,70.05025,30.40674]);
(Hsphere{3},0.9161987[-0.9979073,70.05025,30.40674]);
(Hsphere{3},0.9211426[-0.9979073,70.05025,30.40674]);
(Hsphere{3},0.9262695[-0.9979073,70.53024,31.13274]);
(Hsphere{3},0.9312134[-0.9979073,70.53024,31.13274]);
(Hsphere{3},0.9358521[-0.9979073,70.53024,31.13274]);
(Hsphere{3},0.9414673[-0.9979073,70.96224,31.85874]);
(Hsphere{3},0.9456177[-0.9979073,70.96224,31.85874]);
(Hsphere{3},0.9505005[-0.9979073,70.96224,31.85874]);
(Hsphere{3},0.9555664[-0.9979073,70.96224,31.85874]);
(Hsphere{3},0.9605713[-0.9979073,70.96224,31.85874]);
(Hsphere{3},0.9655762[-0.9979073,71.34624,32.58474]);
(Hsphere{3},0.9705811[-0.9979073,71.34624,32.58474]);
(Hsphere{3},0.9755859[-0.9979073,71.34624,32.58474]);
(Hsphere{3},0.9805908[-0.9979073,71.34624,32.58474]);
(Hsphere{3},0.9855957[-0.9979073,71.68224,33.31074]);
(Hsphere{3},0.9897461[-0.9979073,71.68224,33.31074]);
(Hsphere{3},0.9946289[-0.9979073,71.68224,33.31074]);
(Hsphere{3},0.9995728[-0.9979073,71.68224,33.31074]);
(Hsphere{3},1.004395[-0.9979073,71.97025,34.03674]);
(Hsphere{3},1.009338[-0.9979073,71.97025,34.03674]);
(Hsphere{3},1.014282[-0.9979073,71.97025,34.03674]);
(Hsphere{3},1.019104[-0.9979073,71.97025,34.03674]);
(Hsphere{3},1.024597[-0.9979073,72.21024,34.76274]);
(Hsphere{3},1.029663[-0.9979073,72.21024,34.76274]);
(Hsphere{3},1.033813[-0.9979073,72.21024,34.76274]);
(Hsphere{3},1.038696[-0.9979073,72.21024,34.76274]);
(Hsphere{3},1.04364[-0.9979073,72.40224,35.48874]);
(Hsphere{3},1.048584[-0.9979073,72.40224,35.48874]);
(Hsphere{3},1.053406[-0.9979073,72.40224,35.48874]);
(Hsphere{3},1.058533[-0.9979073,72.40224,35.48874]);
(Hsphere{3},1.063232[-0.9979073,72.54624,36.21474]);
(Hsphere{3},1.068542[-0.9979073,72.54624,36.21474]);
(Hsphere{3},1.072998[-0.9979073,72.54624,36.21474]);
(Hsphere{3},1.078552[-0.9979073,72.54624,36.21474]);
(Hsphere{3},1.082825[-0.9979073,72.64224,36.94075]);
(Hsphere{3},1.087708[-0.9979073,72.64224,36.94075]);
(Hsphere{3},1.093079[-0.9979073,72.64224,36.94075]);
(Hsphere{3},1.097595[-0.9979073,72.64224,36.94075]);
(Hsphere{3},1.102417[-0.9979073,72.69024,37.66675]);
(Hsphere{3},1.1073[-0.9979073,72.69024,37.66675]);
(Hsphere{3},1.112244[-0.9979073,72.69024,37.66675]);
(Hsphere{3},1.117249[-0.9979073,72.69024,37.66675]);
(Hsphere{3},1.122009[-0.9979073,72.69024,38.39275]);
(Hsphere{3},2.146118[-4.677239E-07,0.04785061,72.90482]);
}
