Jump:5{
(Hsphere{15},0.1763916[-4.989536,75.972,14.06374]);
(Hsphere{15},0.1821289[-4.989536,75.972,14.06374]);
(Hsphere{15},0.1863403[-4.989536,75.972,14.06374]);
(Hsphere{15},0.1913452[-4.989536,78.18001,15.26374]);
(Hsphere{15},0.1959839[-4.989536,78.18001,15.26374]);
(Hsphere{15},0.2014771[-4.989536,78.18001,15.26374]);
(Hsphere{15},0.2058105[-4.989536,78.18001,15.26374]);
(Hsphere{15},0.2112427[-4.989536,80.34,16.46374]);
(Hsphere{15},0.2155762[-4.989536,80.34,16.46374]);
(Hsphere{15},0.220459[-4.989536,80.34,16.46374]);
(Hsphere{15},0.2254028[-4.989536,80.34,16.46374]);
(Hsphere{15},0.2302856[-4.989536,82.452,17.66374]);
(Hsphere{15},0.2351685[-4.989536,82.452,17.66374]);
(Hsphere{15},0.2401123[-4.989536,82.452,17.66374]);
(Hsphere{15},0.2454224[-4.989536,82.452,17.66374]);
(Hsphere{15},0.2498779[-4.989536,84.51601,18.86374]);
(Hsphere{15},0.2547607[-4.989536,84.51601,18.86374]);
(Hsphere{15},0.2597046[-4.989536,84.51601,18.86374]);
(Hsphere{15},0.2654419[-4.989536,84.51601,18.86374]);
(Hsphere{15},0.2694702[-4.989536,86.532,20.06374]);
(Hsphere{15},0.2752686[-4.989536,86.532,20.06374]);
(Hsphere{15},0.2792969[-4.989536,86.532,20.06374]);
(Hsphere{15},0.2841797[-4.989536,86.532,20.06374]);
(Hsphere{15},0.2890625[-4.989536,88.5,21.26374]);
(Hsphere{15},0.2940063[-4.989536,88.5,21.26374]);
(Hsphere{15},0.2990112[-4.989536,88.5,21.26374]);
(Hsphere{15},0.303772[-4.989536,88.5,21.26374]);
(Hsphere{15},0.3086548[-4.989536,90.42,22.46374]);
(Hsphere{15},0.3140869[-4.989536,90.42,22.46374]);
(Hsphere{15},0.3184814[-4.989536,90.42,22.46374]);
(Hsphere{15},0.3233643[-4.989536,90.42,22.46374]);
(Hsphere{15},0.3287964[-4.989536,92.29199,23.66374]);
(Hsphere{15},0.3331909[-4.989536,92.29199,23.66374]);
(Hsphere{15},0.3381348[-4.989536,92.29199,23.66374]);
(Hsphere{15},0.3431396[-4.989536,92.29199,23.66374]);
(Hsphere{15},0.3479004[-4.989536,94.116,24.86374]);
(Hsphere{15},0.3531494[-4.989536,94.116,24.86374]);
(Hsphere{15},0.357666[-4.989536,94.116,24.86374]);
(Hsphere{15},0.3631592[-4.989536,94.116,24.86374]);
(Hsphere{15},0.3674927[-4.989536,95.892,26.06374]);
(Hsphere{15},0.3723755[-4.989536,95.892,26.06374]);
(Hsphere{15},0.3781738[-4.989536,95.892,26.06374]);
(Hsphere{15},0.3822021[-4.989536,95.892,26.06374]);
(Hsphere{15},0.387146[-4.989536,97.62,27.26374]);
(Hsphere{15},0.3919678[-4.989536,97.62,27.26374]);
(Hsphere{15},0.3969727[-4.989536,97.62,27.26374]);
(Hsphere{15},0.4025269[-4.989536,97.62,27.26374]);
(Hsphere{15},0.4066772[-4.989536,99.3,28.46374]);
(Hsphere{15},0.4116821[-4.989536,99.3,28.46374]);
(Hsphere{15},0.416687[-4.989536,99.3,28.46374]);
(Hsphere{15},0.4213867[-4.989536,99.3,28.46374]);
(Hsphere{15},0.4264526[-4.989536,99.3,28.46374]);
(Hsphere{15},0.4311523[-4.989536,100.932,29.66374]);
(Hsphere{15},0.4360962[-4.989536,100.932,29.66374]);
(Hsphere{15},0.440979[-4.989536,100.932,29.66374]);
(Hsphere{15},0.4459229[-4.989536,100.932,29.66374]);
(Hsphere{15},0.4512329[-4.989536,102.516,30.86374]);
(Hsphere{15},0.4556885[-4.989536,102.516,30.86374]);
(Hsphere{15},0.4609375[-4.989536,102.516,30.86374]);
(Hsphere{15},0.4654541[-4.989536,102.516,30.86374]);
(Hsphere{15},0.4709473[-4.989536,104.052,32.06374]);
(Hsphere{15},0.4752808[-4.989536,104.052,32.06374]);
(Hsphere{15},0.4804688[-4.989536,104.052,32.06374]);
(Hsphere{15},0.4851074[-4.989536,104.052,32.06374]);
(Hsphere{15},0.4899902[-4.989536,105.54,33.26374]);
(Hsphere{15},0.4957275[-4.989536,105.54,33.26374]);
(Hsphere{15},0.4997559[-4.989536,105.54,33.26374]);
(Hsphere{15},0.5046997[-4.989536,105.54,33.26374]);
(Hsphere{15},0.5097656[-4.989536,106.98,34.46375]);
(Hsphere{15},0.5144653[-4.989536,106.98,34.46375]);
(Hsphere{15},0.5197754[-4.989536,106.98,34.46375]);
(Hsphere{15},0.524292[-4.989536,106.98,34.46375]);
(Hsphere{15},0.5294189[-4.989536,108.372,35.66375]);
(Hsphere{15},0.5340576[-4.989536,108.372,35.66375]);
(Hsphere{15},0.5390015[-4.989536,108.372,35.66375]);
(Hsphere{15},0.5444336[-4.989536,108.372,35.66375]);
(Hsphere{15},0.5487671[-4.989536,109.716,36.86375]);
(Hsphere{15},0.5544434[-4.989536,109.716,36.86375]);
(Hsphere{15},0.5585938[-4.989536,109.716,36.86375]);
(Hsphere{15},0.5634766[-4.989536,109.716,36.86375]);
(Hsphere{15},0.5684814[-4.989536,111.012,38.06375]);
(Hsphere{15},0.5733032[-4.989536,111.012,38.06375]);
(Hsphere{15},0.5784912[-4.989536,111.012,38.06375]);
(Hsphere{15},0.5830688[-4.989536,111.012,38.06375]);
(Hsphere{15},0.588501[-4.989536,112.26,39.26375]);
(Hsphere{15},0.5928955[-4.989536,112.26,39.26375]);
(Hsphere{15},0.5985107[-4.989536,112.26,39.26375]);
(Hsphere{15},0.6026611[-4.989536,112.26,39.26375]);
(Hsphere{15},0.607605[-4.989536,113.46,40.46375]);
(Hsphere{15},0.6124878[-4.989536,113.46,40.46375]);
(Hsphere{15},0.6173706[-4.989536,113.46,40.46375]);
(Hsphere{15},0.6223145[-4.989536,113.46,40.46375]);
(Hsphere{15},0.6273193[-4.989536,114.612,41.66375]);
(Hsphere{15},0.6320801[-4.989536,114.612,41.66375]);
(Hsphere{15},0.637085[-4.989536,114.612,41.66375]);
(Hsphere{15},0.6420898[-4.989536,114.612,41.66375]);
(Hsphere{15},0.6467896[-4.989536,115.716,42.86375]);
(Hsphere{15},0.6522217[-4.989536,115.716,42.86375]);
(Hsphere{15},0.6565552[-4.989536,115.716,42.86375]);
(Hsphere{15},0.6619873[-4.989536,115.716,42.86375]);
(Hsphere{15},0.6663818[-4.989536,115.716,42.86375]);
(Hsphere{15},0.6717529[-4.989536,116.772,44.06375]);
(Hsphere{15},0.6762085[-4.989536,116.772,44.06375]);
(Hsphere{15},0.6817627[-4.989536,116.772,44.06375]);
(Hsphere{15},0.6859741[-4.989536,116.772,44.06375]);
(Hsphere{15},0.6912231[-4.989536,117.78,45.26375]);
(Hsphere{15},0.6958008[-4.989536,117.78,45.26375]);
(Hsphere{15},0.7007446[-4.989536,117.78,45.26375]);
(Hsphere{15},0.7062378[-4.989536,117.78,45.26375]);
(Hsphere{15},0.7105103[-4.989536,118.74,46.46375]);
(Hsphere{15},0.7155151[-4.989536,118.74,46.46375]);
(Hsphere{15},0.7203979[-4.989536,118.74,46.46375]);
(Hsphere{15},0.7254639[-4.989536,118.74,46.46375]);
(Hsphere{15},0.7301025[-4.989536,119.652,47.66375]);
(Hsphere{15},0.7349854[-4.989536,119.652,47.66375]);
(Hsphere{15},0.7403564[-4.989536,119.652,47.66375]);
(Hsphere{15},0.744812[-4.989536,119.652,47.66375]);
(Hsphere{15},0.7496948[-4.989536,120.516,48.86375]);
(Hsphere{15},0.7545776[-4.989536,120.516,48.86375]);
(Hsphere{15},0.7594604[-4.989536,120.516,48.86375]);
(Hsphere{15},0.7653809[-4.989536,120.516,48.86375]);
(Hsphere{15},0.7693481[-4.989536,121.332,50.06376]);
(Hsphere{15},0.7741699[-4.989536,121.332,50.06376]);
(Hsphere{15},0.7792969[-4.989536,121.332,50.06376]);
(Hsphere{15},0.7839966[-4.989536,121.332,50.06376]);
(Hsphere{15},0.7893066[-4.989536,122.1,51.26376]);
(Hsphere{15},0.7937622[-4.989536,122.1,51.26376]);
(Hsphere{15},0.7987061[-4.989536,122.1,51.26376]);
(Hsphere{15},0.8035889[-4.989536,122.1,51.26376]);
(Hsphere{15},0.8085938[-4.989536,122.82,52.46376]);
(Hsphere{15},0.8134766[-4.989536,122.82,52.46376]);
(Hsphere{15},0.8182983[-4.989536,122.82,52.46376]);
(Hsphere{15},0.8235474[-4.989536,122.82,52.46376]);
(Hsphere{15},0.8284912[-4.989536,123.492,53.66376]);
(Hsphere{15},0.8335571[-4.989536,123.492,53.66376]);
(Hsphere{15},0.8378906[-4.989536,123.492,53.66376]);
(Hsphere{15},0.8435669[-4.989536,123.492,53.66376]);
(Hsphere{15},0.8476563[-4.989536,124.116,54.86376]);
(Hsphere{15},0.8526001[-4.989536,124.116,54.86376]);
(Hsphere{15},0.8575439[-4.989536,124.116,54.86376]);
(Hsphere{15},0.8625488[-4.989536,124.116,54.86376]);
(Hsphere{15},0.8675537[-4.989536,124.692,56.06376]);
(Hsphere{15},0.8721924[-4.989536,124.692,56.06376]);
(Hsphere{15},0.8770752[-4.989536,124.692,56.06376]);
(Hsphere{15},0.8823853[-4.989536,124.692,56.06376]);
(Hsphere{15},0.8869019[-4.989536,125.22,57.26376]);
(Hsphere{15},0.8917847[-4.989536,125.22,57.26376]);
(Hsphere{15},0.8966675[-4.989536,125.22,57.26376]);
(Hsphere{15},0.9019775[-4.989536,125.22,57.26376]);
(Hsphere{15},0.9064941[-4.989536,125.22,57.26376]);
(Hsphere{15},0.911377[-4.989536,125.7,58.46376]);
(Hsphere{15},0.9163818[-4.989536,125.7,58.46376]);
(Hsphere{15},0.9212036[-4.989536,125.7,58.46376]);
(Hsphere{15},0.9263916[-4.989536,125.7,58.46376]);
(Hsphere{15},0.9312134[-4.989536,126.132,59.66376]);
(Hsphere{15},0.9358521[-4.989536,126.132,59.66376]);
(Hsphere{15},0.9413452[-4.989536,126.132,59.66376]);
(Hsphere{15},0.9456787[-4.989536,126.132,59.66376]);
(Hsphere{15},0.9512329[-4.989536,126.516,60.86376]);
(Hsphere{15},0.9555054[-4.989536,126.516,60.86376]);
(Hsphere{15},0.9613647[-4.989536,126.516,60.86376]);
(Hsphere{15},0.965332[-4.989536,126.516,60.86376]);
(Hsphere{15},0.9701538[-4.989536,126.852,62.06376]);
(Hsphere{15},0.9750977[-4.989536,126.852,62.06376]);
(Hsphere{15},0.9799805[-4.989536,126.852,62.06376]);
(Hsphere{15},0.9853516[-4.989536,126.852,62.06376]);
(Hsphere{15},0.9898071[-4.989536,127.14,63.26376]);
(Hsphere{15},0.9946899[-4.989536,127.14,63.26376]);
(Hsphere{15},0.9998779[-4.989536,127.14,63.26376]);
(Hsphere{15},1.004456[-4.989536,127.14,63.26376]);
(Hsphere{15},1.009399[-4.989536,127.38,64.46376]);
(Hsphere{15},1.014343[-4.989536,127.38,64.46376]);
(Hsphere{15},1.019165[-4.989536,127.38,64.46376]);
(Hsphere{15},1.024109[-4.989536,127.38,64.46376]);
(Hsphere{15},1.029358[-4.989536,127.572,65.66376]);
(Hsphere{15},1.034363[-4.989536,127.572,65.66376]);
(Hsphere{15},1.038757[-4.989536,127.572,65.66376]);
(Hsphere{15},1.043701[-4.989536,127.572,65.66376]);
(Hsphere{15},1.049377[-4.989536,127.716,66.86377]);
(Hsphere{15},1.053467[-4.989536,127.716,66.86377]);
(Hsphere{15},1.059326[-4.989536,127.716,66.86377]);
(Hsphere{15},1.063354[-4.989536,127.716,66.86377]);
(Hsphere{15},1.068176[-4.989536,127.812,68.06377]);
(Hsphere{15},1.073242[-4.989536,127.812,68.06377]);
(Hsphere{15},1.078003[-4.989536,127.812,68.06377]);
(Hsphere{15},1.082886[-4.989536,127.812,68.06377]);
(Hsphere{15},1.087769[-4.989536,127.86,69.26376]);
(Hsphere{15},1.092712[-4.989536,127.86,69.26376]);
(Hsphere{15},1.097839[-4.989536,127.86,69.26376]);
(Hsphere{15},1.102478[-4.989536,127.86,69.26376]);
(Hsphere{15},1.107849[-4.989536,127.86,70.46377]);
(Hsphere{15},2.126587[-2.489648E-09,-0.1521454,120.5244]);
}
