Jump:3{
(Hsphere{9},0.1765747[-2.993722,46.1311,8.678245]);
(Hsphere{9},0.1813354[-2.993722,48.38711,9.878244]);
(Hsphere{9},0.1865845[-2.993722,48.38711,9.878244]);
(Hsphere{9},0.1911011[-2.993722,48.38711,9.878244]);
(Hsphere{9},0.1965942[-2.993722,48.38711,9.878244]);
(Hsphere{9},0.2009277[-2.993722,50.59511,11.07824]);
(Hsphere{9},0.206604[-2.993722,50.59511,11.07824]);
(Hsphere{9},0.2106934[-2.993722,50.59511,11.07824]);
(Hsphere{9},0.2156372[-2.993722,50.59511,11.07824]);
(Hsphere{9},0.22052[-2.993722,52.7551,12.27824]);
(Hsphere{9},0.2254028[-2.993722,52.7551,12.27824]);
(Hsphere{9},0.2302856[-2.993722,52.7551,12.27824]);
(Hsphere{9},0.2352295[-2.993722,52.7551,12.27824]);
(Hsphere{9},0.2401123[-2.993722,54.8671,13.47824]);
(Hsphere{9},0.2449951[-2.993722,54.8671,13.47824]);
(Hsphere{9},0.2506104[-2.993722,54.8671,13.47824]);
(Hsphere{9},0.2549438[-2.993722,54.8671,13.47824]);
(Hsphere{9},0.2597046[-2.993722,56.93111,14.67824]);
(Hsphere{9},0.2652588[-2.993722,56.93111,14.67824]);
(Hsphere{9},0.2695313[-2.993722,56.93111,14.67824]);
(Hsphere{9},0.2752686[-2.993722,56.93111,14.67824]);
(Hsphere{9},0.2792969[-2.993722,56.93111,14.67824]);
(Hsphere{9},0.2849121[-2.993722,58.94711,15.87824]);
(Hsphere{9},0.2891235[-2.993722,58.94711,15.87824]);
(Hsphere{9},0.2949219[-2.993722,58.94711,15.87824]);
(Hsphere{9},0.2989502[-2.993722,58.94711,15.87824]);
(Hsphere{9},0.303833[-2.993722,60.9151,17.07824]);
(Hsphere{9},0.3087158[-2.993722,60.9151,17.07824]);
(Hsphere{9},0.3136597[-2.993722,60.9151,17.07824]);
(Hsphere{9},0.3184814[-2.993722,60.9151,17.07824]);
(Hsphere{9},0.3240356[-2.993722,62.8351,18.27824]);
(Hsphere{9},0.3283081[-2.993722,62.8351,18.27824]);
(Hsphere{9},0.3340454[-2.993722,62.8351,18.27824]);
(Hsphere{9},0.3381348[-2.993722,62.8351,18.27824]);
(Hsphere{9},0.3430176[-2.993722,64.7071,19.47824]);
(Hsphere{9},0.3480225[-2.993722,64.7071,19.47824]);
(Hsphere{9},0.3529053[-2.993722,64.7071,19.47824]);
(Hsphere{9},0.3577271[-2.993722,64.7071,19.47824]);
(Hsphere{9},0.3626099[-2.993722,66.5311,20.67824]);
(Hsphere{9},0.3684692[-2.993722,66.5311,20.67824]);
(Hsphere{9},0.3724365[-2.993722,66.5311,20.67824]);
(Hsphere{9},0.3773193[-2.993722,66.5311,20.67824]);
(Hsphere{9},0.3822021[-2.993722,68.3071,21.87824]);
(Hsphere{9},0.387085[-2.993722,68.3071,21.87824]);
(Hsphere{9},0.3920288[-2.993722,68.3071,21.87824]);
(Hsphere{9},0.3971558[-2.993722,68.3071,21.87824]);
(Hsphere{9},0.4021606[-2.993722,70.0351,23.07824]);
(Hsphere{9},0.4067383[-2.993722,70.0351,23.07824]);
(Hsphere{9},0.4121704[-2.993722,70.0351,23.07824]);
(Hsphere{9},0.4171753[-2.993722,70.0351,23.07824]);
(Hsphere{9},0.4213867[-2.993722,71.7151,24.27824]);
(Hsphere{9},0.4271851[-2.993722,71.7151,24.27824]);
(Hsphere{9},0.4321899[-2.993722,71.7151,24.27824]);
(Hsphere{9},0.4361572[-2.993722,71.7151,24.27824]);
(Hsphere{9},0.44104[-2.993722,73.3471,25.47824]);
(Hsphere{9},0.4459229[-2.993722,73.3471,25.47824]);
(Hsphere{9},0.4508057[-2.993722,73.3471,25.47824]);
(Hsphere{9},0.4556885[-2.993722,73.3471,25.47824]);
(Hsphere{9},0.4606323[-2.993722,74.9311,26.67825]);
(Hsphere{9},0.4655151[-2.993722,74.9311,26.67825]);
(Hsphere{9},0.4703979[-2.993722,74.9311,26.67825]);
(Hsphere{9},0.4753418[-2.993722,74.9311,26.67825]);
(Hsphere{9},0.4802246[-2.993722,76.4671,27.87825]);
(Hsphere{9},0.4851074[-2.993722,76.4671,27.87825]);
(Hsphere{9},0.4899902[-2.993722,76.4671,27.87825]);
(Hsphere{9},0.4951782[-2.993722,76.4671,27.87825]);
(Hsphere{9},0.4998169[-2.993722,77.9551,29.07825]);
(Hsphere{9},0.505127[-2.993722,77.9551,29.07825]);
(Hsphere{9},0.5095825[-2.993722,77.9551,29.07825]);
(Hsphere{9},0.5145264[-2.993722,77.9551,29.07825]);
(Hsphere{9},0.5194092[-2.993722,77.9551,29.07825]);
(Hsphere{9},0.524292[-2.993722,79.3951,30.27825]);
(Hsphere{9},0.5292358[-2.993722,79.3951,30.27825]);
(Hsphere{9},0.5341187[-2.993722,79.3951,30.27825]);
(Hsphere{9},0.5390015[-2.993722,79.3951,30.27825]);
(Hsphere{9},0.5438843[-2.993722,80.78709,31.47825]);
(Hsphere{9},0.5488281[-2.993722,80.78709,31.47825]);
(Hsphere{9},0.5540771[-2.993722,80.78709,31.47825]);
(Hsphere{9},0.5587158[-2.993722,80.78709,31.47825]);
(Hsphere{9},0.5635376[-2.993722,82.1311,32.67825]);
(Hsphere{9},0.5684814[-2.993722,82.1311,32.67825]);
(Hsphere{9},0.5735474[-2.993722,82.1311,32.67825]);
(Hsphere{9},0.578186[-2.993722,82.1311,32.67825]);
(Hsphere{9},0.5831299[-2.993722,83.42709,33.87825]);
(Hsphere{9},0.5880127[-2.993722,83.42709,33.87825]);
(Hsphere{9},0.5930786[-2.993722,83.42709,33.87825]);
(Hsphere{9},0.5978394[-2.993722,83.42709,33.87825]);
(Hsphere{9},0.6031494[-2.993722,84.67509,35.07825]);
(Hsphere{9},0.607605[-2.993722,84.67509,35.07825]);
(Hsphere{9},0.6131592[-2.993722,84.67509,35.07825]);
(Hsphere{9},0.618103[-2.993722,84.67509,35.07825]);
(Hsphere{9},0.6223145[-2.993722,85.87509,36.27825]);
(Hsphere{9},0.6271973[-2.993722,85.87509,36.27825]);
(Hsphere{9},0.6321411[-2.993722,85.87509,36.27825]);
(Hsphere{9},0.637085[-2.993722,85.87509,36.27825]);
(Hsphere{9},0.6419067[-2.993722,87.02709,37.47825]);
(Hsphere{9},0.6469727[-2.993722,87.02709,37.47825]);
(Hsphere{9},0.6517334[-2.993722,87.02709,37.47825]);
(Hsphere{9},0.6571655[-2.993722,87.02709,37.47825]);
(Hsphere{9},0.661499[-2.993722,88.13109,38.67825]);
(Hsphere{9},0.6669312[-2.993722,88.13109,38.67825]);
(Hsphere{9},0.6715698[-2.993722,88.13109,38.67825]);
(Hsphere{9},0.6762085[-2.993722,88.13109,38.67825]);
(Hsphere{9},0.6810913[-2.993722,89.18709,39.87825]);
(Hsphere{9},0.6860352[-2.993722,89.18709,39.87825]);
(Hsphere{9},0.690918[-2.993722,89.18709,39.87825]);
(Hsphere{9},0.6966553[-2.993722,89.18709,39.87825]);
(Hsphere{9},0.7006836[-2.993722,90.19508,41.07825]);
(Hsphere{9},0.7056274[-2.993722,90.19508,41.07825]);
(Hsphere{9},0.7105103[-2.993722,90.19508,41.07825]);
(Hsphere{9},0.7156372[-2.993722,90.19508,41.07825]);
(Hsphere{9},0.7203369[-2.993722,91.15508,42.27826]);
(Hsphere{9},0.725647[-2.993722,91.15508,42.27826]);
(Hsphere{9},0.7301025[-2.993722,91.15508,42.27826]);
(Hsphere{9},0.7357178[-2.993722,91.15508,42.27826]);
(Hsphere{9},0.7399292[-2.993722,92.06709,43.47826]);
(Hsphere{9},0.744812[-2.993722,92.06709,43.47826]);
(Hsphere{9},0.7498169[-2.993722,92.06709,43.47826]);
(Hsphere{9},0.7546387[-2.993722,92.06709,43.47826]);
(Hsphere{9},0.7598267[-2.993722,92.93108,44.67826]);
(Hsphere{9},0.7644043[-2.993722,92.93108,44.67826]);
(Hsphere{9},0.7697144[-2.993722,92.93108,44.67826]);
(Hsphere{9},0.774231[-2.993722,92.93108,44.67826]);
(Hsphere{9},0.7792969[-2.993722,92.93108,44.67826]);
(Hsphere{9},0.7839966[-2.993722,93.74709,45.87826]);
(Hsphere{9},0.7890625[-2.993722,93.74709,45.87826]);
(Hsphere{9},0.7938232[-2.993722,93.74709,45.87826]);
(Hsphere{9},0.7988281[-2.993722,93.74709,45.87826]);
(Hsphere{9},0.8035889[-2.993722,94.51508,47.07826]);
(Hsphere{9},0.8086548[-2.993722,94.51508,47.07826]);
(Hsphere{9},0.8134155[-2.993722,94.51508,47.07826]);
(Hsphere{9},0.8182983[-2.993722,94.51508,47.07826]);
(Hsphere{9},0.8231812[-2.993722,95.23508,48.27826]);
(Hsphere{9},0.8289795[-2.993722,95.23508,48.27826]);
(Hsphere{9},0.8330078[-2.993722,95.23508,48.27826]);
(Hsphere{9},0.8378906[-2.993722,95.23508,48.27826]);
(Hsphere{9},0.8428345[-2.993722,95.90708,49.47826]);
(Hsphere{9},0.8486328[-2.993722,95.90708,49.47826]);
(Hsphere{9},0.8528442[-2.993722,95.90708,49.47826]);
(Hsphere{9},0.8574829[-2.993722,95.90708,49.47826]);
(Hsphere{9},0.8624268[-2.993722,96.53108,50.67826]);
(Hsphere{9},0.8682251[-2.993722,96.53108,50.67826]);
(Hsphere{9},0.8729248[-2.993722,96.53108,50.67826]);
(Hsphere{9},0.8771973[-2.993722,96.53108,50.67826]);
(Hsphere{9},0.8829956[-2.993722,97.10708,51.87826]);
(Hsphere{9},0.8869629[-2.993722,97.10708,51.87826]);
(Hsphere{9},0.8919678[-2.993722,97.10708,51.87826]);
(Hsphere{9},0.8967285[-2.993722,97.10708,51.87826]);
(Hsphere{9},0.9016113[-2.993722,97.63508,53.07826]);
(Hsphere{9},0.9064941[-2.993722,97.63508,53.07826]);
(Hsphere{9},0.911438[-2.993722,97.63508,53.07826]);
(Hsphere{9},0.9163818[-2.993722,97.63508,53.07826]);
(Hsphere{9},0.9212036[-2.993722,98.11507,54.27826]);
(Hsphere{9},0.9262085[-2.993722,98.11507,54.27826]);
(Hsphere{9},0.9310303[-2.993722,98.11507,54.27826]);
(Hsphere{9},0.9361572[-2.993722,98.11507,54.27826]);
(Hsphere{9},0.9407959[-2.993722,98.54707,55.47826]);
(Hsphere{9},0.946167[-2.993722,98.54707,55.47826]);
(Hsphere{9},0.9506226[-2.993722,98.54707,55.47826]);
(Hsphere{9},0.9555054[-2.993722,98.54707,55.47826]);
(Hsphere{9},0.9611816[-2.993722,98.93108,56.67826]);
(Hsphere{9},0.965332[-2.993722,98.93108,56.67826]);
(Hsphere{9},0.9702148[-2.993722,98.93108,56.67826]);
(Hsphere{9},0.9751587[-2.993722,98.93108,56.67826]);
(Hsphere{9},0.9801636[-2.993722,99.26707,57.87827]);
(Hsphere{9},0.9849243[-2.993722,99.26707,57.87827]);
(Hsphere{9},0.9899902[-2.993722,99.26707,57.87827]);
(Hsphere{9},0.9946899[-2.993722,99.26707,57.87827]);
(Hsphere{9},1.000305[-2.993722,99.55508,59.07827]);
(Hsphere{9},1.004517[-2.993722,99.55508,59.07827]);
(Hsphere{9},1.009399[-2.993722,99.55508,59.07827]);
(Hsphere{9},1.014282[-2.993722,99.55508,59.07827]);
(Hsphere{9},1.019287[-2.993722,99.55508,59.07827]);
(Hsphere{9},1.024109[-2.993722,99.79507,60.27827]);
(Hsphere{9},1.029114[-2.993722,99.79507,60.27827]);
(Hsphere{9},1.033936[-2.993722,99.79507,60.27827]);
(Hsphere{9},1.03894[-2.993722,99.79507,60.27827]);
(Hsphere{9},1.043701[-2.993722,99.98708,61.47827]);
(Hsphere{9},1.049133[-2.993722,99.98708,61.47827]);
(Hsphere{9},1.053528[-2.993722,99.98708,61.47827]);
(Hsphere{9},1.059143[-2.993722,99.98708,61.47827]);
(Hsphere{9},1.063293[-2.993722,100.1311,62.67827]);
(Hsphere{9},1.06897[-2.993722,100.1311,62.67827]);
(Hsphere{9},1.07312[-2.993722,100.1311,62.67827]);
(Hsphere{9},1.078003[-2.993722,100.1311,62.67827]);
(Hsphere{9},1.082886[-2.993722,100.2271,63.87827]);
(Hsphere{9},1.08783[-2.993722,100.2271,63.87827]);
(Hsphere{9},1.092834[-2.993722,100.2271,63.87827]);
(Hsphere{9},1.097595[-2.993722,100.2271,63.87827]);
(Hsphere{9},1.102905[-2.993722,100.2751,65.07827]);
(Hsphere{9},1.107422[-2.993722,100.2751,65.07827]);
(Hsphere{9},1.112305[-2.993722,100.2751,65.07827]);
(Hsphere{9},1.117859[-2.993722,100.2751,65.07827]);
(Hsphere{9},1.122131[-2.993722,100.2751,66.27827]);
(Hsphere{9},2.141296[-7.07392E-09,-0.05214882,120.524]);
}
